1.941699218750000122e-01 -6.817700195312500488e-01 4.121752929687499956e-01 2.085217009544372835e-01 7.621483737826348359e-02 8.241650683283806289e-02 4.962092900333294199e-01 7.355441502111919050e-01 5.022996903908193422e-01 5.822196851315267763e-01 1.499660456992752116e-03 -2.180183173716068179e+00 1.948475628793239656e+00 3.219207479953765993e+00 3.536301658464474713e+03 9.627907259248789842e+02 1.191344311807565191e+03 5.950676312097164100e+01 3.108998686395475985e+01 3.466565459653913450e+01 6.968999999999999773e+01 3.109320022583007770e+01 0.000000000000000000e+00
-1.953686523437500044e-01 -6.755981445312500000e-01 5.025537109375000089e-01 1.293081341445446175e-01 4.859599873423576383e-02 9.206570913791654875e-02 4.092395929808815835e-01 7.106538198224953140e-01 5.870485001385906676e-01 5.808060223126907395e-01 7.706315001859637484e-04 -5.849085320532322108e+00 4.414634221792221314e-01 5.068292916715145147e+00 9.246441960858104721e+03 1.305452215940570113e+03 1.577232984204387776e+03 9.633614980859975674e+01 3.613373916291659071e+01 4.003649057165241487e+01 6.889000000000000057e+01 3.157719982147216697e+01 0.000000000000000000e+00
-3.617675781249999889e-01 -6.461987304687499822e-01 5.320239257812500178e-01 3.774278163909912387e-02 4.983237511515615364e-02 8.521477586627006218e-02 4.106319059955364503e-01 6.836703696772153949e-01 6.068477844319472014e-01 5.770663332434814441e-01 5.198857430034351315e-04 5.003048101067543163e-01 -2.438719548285007477e+00 1.565853675007820023e+00 1.183786996286296744e+04 1.141858981071334938e+03 1.483725156579386066e+03 1.088031261856293668e+02 3.387929063759337822e+01 3.855096696985591365e+01 7.104000000000000625e+01 3.179019985198974751e+01 0.000000000000000000e+00
-1.566552734374999922e-01 -7.554199218749999556e-01 5.271777343750000400e-01 4.075323488712310344e-02 4.029230594635011681e-02 3.648886427879333844e-02 2.555271210319973174e-01 7.816339068336155549e-01 5.607184925607068271e-01 5.718165321696251358e-01 8.982212374451103857e-04 1.145121956646442385e+01 -1.854573176205158269e+00 -4.059146469235420440e+00 4.672400966978739234e+03 3.660284508082975776e+02 5.431420988036529707e+02 6.930751327625392832e+01 1.922154760871760359e+01 2.365626278308471697e+01 7.182999999999999829e+01 3.191280033111572223e+01 0.000000000000000000e+00
-7.967285156249999389e-02 -8.222875976562500355e-01 5.290307617187499645e-01 8.346640133857724173e-03 2.268014919161795082e-02 2.135137569308281566e-02 1.212204743843130067e-01 8.359647375642735856e-01 5.488396145849929741e-01 5.758844121996350429e-01 8.745294669510867130e-04 2.952439132332801641e+00 -6.426829314231872203e-01 -8.454268312454223944e-01 1.460593170628498683e+03 1.087961769700621346e+02 1.329615051641311254e+02 3.833158054996727060e+01 1.045032144579317723e+01 1.156184464915183163e+01 7.376999999999999602e+01 3.205950054168701513e+01 0.000000000000000000e+00
-1.642163085937499989e-01 -8.287768554687500178e-01 5.030200195312499734e-01 1.056263405680656423e-02 1.365935212969779725e-02 1.930176932215690519e-02 1.937256567028856069e-01 8.369769580402839360e-01 5.218533408644386862e-01 5.779477797818877161e-01 7.197978845954764793e-05 3.073170767128467595e+00 -2.445122069120407027e-01 2.365854007005691595e-01 8.938227744183724326e+02 7.891982488085928082e+01 9.517594409447758608e+01 3.005440322119713770e+01 8.887047378077168602e+00 9.758684170845075556e+00 8.001999999999999602e+01 3.224080001831054432e+01 0.000000000000000000e+00
-1.978222656249999933e-01 -8.425952148437499956e-01 4.717602539062499822e-01 8.315727806091308474e-03 4.997758692502973950e-03 1.371962792277336106e-02 2.178287781334214968e-01 8.455557076680921824e-01 4.860837017309496688e-01 5.762783732115545066e-01 4.197977053582308004e-05 2.222561281919479270e-01 2.914634329080581510e-01 -6.463414973020553678e-01 4.164104527548528267e+02 1.003567364026511513e+02 7.852851817377121790e+01 2.040734795463075812e+01 1.002206003451254723e+01 8.885171664346493969e+00 8.407999999999999829e+01 3.242629985809325888e+01 0.000000000000000000e+00
-1.789770507812500078e-01 -8.119531250000000533e-01 4.952880859375000111e-01 2.458215605616569793e-02 2.096510782241821358e-02 2.682977139949798209e-02 2.379389433500112006e-01 8.247623809435562503e-01 5.216704510235655734e-01 5.791404248859702841e-01 1.780666805612014683e-04 -2.722256186008453316e+00 -9.246951681375503718e-01 -2.519207451939582842e+00 7.112999646868821628e+02 3.365539716116200566e+02 3.972221544325348646e+02 2.680877922302959959e+01 1.836869708949431512e+01 2.008901591961246069e+01 9.173000000000000398e+01 3.256900051116943473e+01 0.000000000000000000e+00
-2.590600585937499756e-01 -7.015283203125000089e-01 4.974633789062499756e-01 7.923542248606681160e-02 8.834451487064363950e-02 3.479320275187493261e-02 3.825539654018292879e-01 7.618966459245776202e-01 5.312843081671979606e-01 5.762775135685059835e-01 2.388983758081939196e-04 -1.954878216981887906e+00 -1.013719571530818930e+00 -2.069817176163196493e+00 7.001253910900949222e+02 2.812492277521523079e+02 3.722002241439640784e+02 2.653199841574933515e+01 1.680109684282121307e+01 1.940320507768509017e+01 8.937999999999999545e+01 3.263170009613037337e+01 0.000000000000000000e+00
-3.365307617187500155e-01 -6.180419921875000000e-01 5.257324218750000222e-01 9.100155979990955102e-02 1.096043747663497936e-01 2.751858472824094543e-02 4.519452548516376122e-01 7.011278620005366724e-01 5.512831977657163263e-01 5.718771548078636080e-01 1.615960265141643340e-04 -7.878051087260246055e-01 8.695122304558754456e-01 1.392987810075283051e+00 8.505779231417423034e+02 1.088449174894706744e+02 1.273430622014267470e+02 2.917530736823653115e+01 1.046904814242360260e+01 1.137028923292829141e+01 9.045000000000000284e+01 3.265760036468505945e+01 0.000000000000000000e+00
-2.245043945312500122e-01 -7.243969726562500266e-01 5.370239257812500222e-01 5.406328708529473809e-02 6.755646187663080782e-02 2.322178646922110762e-02 3.232112470956693961e-01 7.696151219084579331e-01 5.582261936981519623e-01 5.747879676124436621e-01 2.182453398415175252e-04 2.260975485146045738e+00 1.198170903325080916e-01 -1.371956676244735773e-02 1.241809165627821358e+03 1.301612627123585071e+02 1.861033937455700311e+02 3.531177106535798060e+01 1.140945304769225821e+01 1.364197866777697676e+01 9.023999999999999488e+01 3.273380123138427678e+01 0.000000000000000000e+00
-1.343579101562500100e-01 -8.331591796874999734e-01 5.079248046875000089e-01 1.050741202235221973e-02 1.796417686939239672e-02 1.787073066234589128e-02 1.689954438554695515e-01 8.438710775746141035e-01 5.252221795385081382e-01 5.784090735347132695e-01 2.964262964778651777e-04 5.590853765308857248e+00 -5.707317700982094122e-01 -2.273780575990676844e+00 9.604980067511515927e+02 2.011855512479771164e+02 2.331984321835456058e+02 3.149215223791825835e+01 1.419546709345544855e+01 1.543918748805448082e+01 7.365000000000000568e+01 3.281210090637207344e+01 0.000000000000000000e+00
-3.331396484374999911e-01 -7.818872070312500311e-01 3.716601562499999845e-01 5.167928268909453837e-02 3.166675793528557492e-02 6.003812298774719586e-02 4.033129157988318281e-01 8.018817633881034634e-01 4.451622117066110773e-01 5.781174255661528649e-01 2.067764326364632894e-04 5.230183051526546834e+00 -1.403963498771190643e+00 -1.753963452279567736e+00 4.782693339562771371e+02 1.685912842555679276e+02 1.738286778021712848e+02 2.248608789248926598e+01 1.305995397240931410e+01 1.330056636365924838e+01 7.014000000000000057e+01 3.285080017089843807e+01 0.000000000000000000e+00
-4.965478515624999756e-01 -6.598193359374999734e-01 3.873388671874999911e-01 1.845602395534515563e-02 5.597988460063934441e-02 1.048727004766464299e-01 5.147968461895232606e-01 7.009575170277032585e-01 5.048802813645451026e-01 5.795279661309243879e-01 6.082461169167690217e-04 3.053353844285011220e+00 -1.138719562590122303e+00 -1.942682936787605286e+00 2.150454330524448778e+03 7.390757388292551013e+02 6.298914936506087088e+02 4.647340422459774345e+01 2.720978539186739908e+01 2.517271361302738697e+01 7.179999999999999716e+01 3.290100021362304972e+01 0.000000000000000000e+00
-2.811816406250000067e-01 -6.815209960937500533e-01 5.645117187499999467e-01 6.063594350814816708e-02 6.293175041079521193e-02 6.535192265510558762e-02 3.737633723797916807e-01 7.262249090518807515e-01 6.196978322224345748e-01 5.852724405499702964e-01 8.853817107789233205e-04 -2.170426828265190178e+00 -3.439329362511634791e+00 -9.899390614032745894e-01 3.887329818550624168e+03 9.909806104210821331e+02 7.683171995462159884e+02 6.238622100406048077e+01 3.166716906963609190e+01 2.773620700260776317e+01 7.278000000000000114e+01 3.292100025177001754e+01 0.000000000000000000e+00
-5.511718749999999778e-02 -7.461352539062500178e-01 6.137280273437499822e-01 1.952438249588013194e-02 4.749656564593314478e-02 2.566809303164482511e-02 1.502074793536935793e-01 7.773122813693845723e-01 6.342950296028619928e-01 5.812072263937589911e-01 3.811996131595245447e-04 -3.155183062255382698e+00 -3.146341525316238563e+00 2.784451224505901212e+00 2.633885600520478420e+03 2.860643152294030642e+02 4.115123044036904503e+02 5.141829227693993687e+01 1.720359788600432438e+01 2.047597306662965266e+01 7.275000000000000000e+01 3.288759975433349325e+01 0.000000000000000000e+00
-1.910400390625000000e-02 -7.726342773437500089e-01 5.982202148437499867e-01 4.090759009122848545e-03 3.405322229266167372e-02 1.820000373721122541e-02 6.675119455390191026e-02 7.943657525467474612e-01 6.132433686432440245e-01 5.766417878832189592e-01 1.744188741399528282e-04 2.732622016072273397e+00 -6.975609916448592962e-01 1.107012210786342710e+00 1.317398084097820174e+03 3.119200538818338231e+01 3.028870719760783459e+02 3.639869925121696070e+01 5.628374252414985790e+00 1.743882301105519872e+01 7.104000000000000625e+01 3.288009975433349297e+01 0.000000000000000000e+00
-3.338623046875000000e-02 -8.163281249999999600e-01 5.439477539062500533e-01 5.455714911222458129e-03 2.202687487602234331e-02 2.526310383677481813e-02 8.105772817032901034e-02 8.297098785370932150e-01 5.666941527988701433e-01 5.779170253951068092e-01 1.600978063434022275e-04 2.695121750235557334e-01 -1.546036638617515502e+00 -9.661585339903830949e-01 9.736921929428423255e+02 5.352889774273005941e+01 1.641174784773582758e+02 3.120520517085775936e+01 7.477909268684516775e+00 1.284721529321279476e+01 7.151000000000000512e+01 3.292640037536621378e+01 0.000000000000000000e+00
-1.176586914062500017e-01 -7.584814453124999467e-01 5.473022460937500000e-01 2.735354930758476105e-02 4.011982276439666345e-02 5.479664489626884238e-02 2.029707293454303396e-01 7.844832220307427217e-01 5.952616176737187681e-01 5.810592056569219288e-01 2.564928531290123505e-04 -4.485366046726703360e+00 -5.411585724353790150e-01 -1.646341130137443654e-01 1.328047478266312737e+03 8.744184359359893222e+01 4.171664217256434313e+02 3.671737990161390996e+01 9.366680105251765198e+00 2.042531581437142307e+01 7.304000000000000625e+01 3.299990093231200916e+01 0.000000000000000000e+00
-1.986987304687500011e-01 -7.013842773437499734e-01 5.758227539062500400e-01 4.411721546053884446e-02 6.145046073794364905e-02 6.684138686060907275e-02 2.891338806685093687e-01 7.439021207410004832e-01 6.311998342654937533e-01 5.825822850438447942e-01 3.553285945113315728e-04 -3.658510148525237916e-03 2.177439056634903114e+00 -1.099085286259651184e+00 2.621423711751872361e+03 2.800929331927733301e+02 1.466621371597293773e+03 5.119984106554012726e+01 1.687703096039503237e+01 3.831226122357914932e+01 7.095999999999999375e+01 3.307600097656249716e+01 0.000000000000000000e+00
-2.188549804687499878e-01 -7.058837890625000444e-01 5.813964843750000222e-01 3.561710268855094313e-02 5.177317559719086387e-02 5.691475629806517361e-02 2.889889360590261469e-01 7.416502540001067567e-01 6.284398366921648549e-01 5.808758241983432713e-01 2.404628535005599302e-04 3.088109920024871613e+00 1.005792666375637134e+00 -2.463109690546989583e+00 1.943003089844516580e+03 5.354931903209850361e+02 1.306928392354740026e+03 4.418754929527856490e+01 2.316257345824767810e+01 3.623527703360920782e+01 7.734999999999999432e+01 3.310400123596191690e+01 0.000000000000000000e+00
-3.960571289062500000e-01 -5.304296874999999689e-01 5.578930664062500266e-01 1.126186339557170846e-01 9.990802588462831257e-02 5.596872646212577157e-02 5.191145184958507741e-01 6.174655288078646498e-01 6.059813528536123206e-01 5.812013688235693198e-01 4.068612535554871055e-04 -1.474085387587547258e+00 -2.429878130555152838e-01 -1.423780495524406442e+00 1.088000306903071078e+03 7.300423018111177953e+02 4.783446226328474609e+02 3.301777149707366732e+01 2.702038757842699468e+01 2.191738518921185630e+01 9.273999999999999488e+01 3.307600135803222940e+01 0.000000000000000000e+00
-3.901318359375000044e-01 -4.929882812499999933e-01 5.032958984375000000e-01 1.941807627439498529e-01 1.096464968681335195e-01 6.862089931964873712e-02 5.885436365775389422e-01 5.938719915250783021e-01 5.673866941545766540e-01 5.809190024456188928e-01 5.435959817194343851e-04 -1.628048860728740665e+00 -8.780486941337585227e-01 1.716158601343631851e+00 1.592954184206398168e+03 7.558583411869689144e+02 9.054043177923336998e+02 3.994502130803435591e+01 2.750689569355725794e+01 3.013883737202380786e+01 9.240999999999999659e+01 3.304060092926025050e+01 0.000000000000000000e+00
-1.744580078125000100e-01 -7.301440429687500178e-01 4.777880859374999956e-01 9.892969272136689640e-02 7.541450864672659404e-02 6.074374077320098680e-02 3.596738650656636227e-01 7.800800164915637769e-01 5.376106359039233284e-01 5.783485458086289333e-01 5.401750418486315998e-04 -3.614024481475353046e+00 -1.057926783561706552e+00 1.982926890552043853e+00 2.106877033228590335e+03 4.982386059689115996e+02 6.303649113618893125e+02 4.604278669000490254e+01 2.234631546918392075e+01 2.518525184339365453e+01 7.709999999999999432e+01 3.300760074615478601e+01 0.000000000000000000e+00
3.059814453124999958e-02 -4.831665039062499889e-01 6.909008789062499600e-01 5.458096153140067075e-02 1.868870548903941164e-01 7.641602427363394789e-02 2.356208988611917243e-01 6.483339613095880916e-01 7.441505551614288061e-01 5.785689734363199666e-01 9.651248676485435453e-04 -4.173170829117298197e+00 2.109756079316139343e-01 1.659451219141483413e+00 1.454104020246881191e+03 2.697247821322620212e+02 2.036048765683951274e+02 3.836038809782659342e+01 1.642465502954032175e+01 1.436518899691560414e+01 7.115000000000000568e+01 3.298200111389159872e+01 0.000000000000000000e+00
3.100048828124999933e-01 -3.153784179687499911e-01 6.923120117187500089e-01 1.585465402364731324e-01 1.255786005198955557e-01 1.058433369338512287e-01 5.046281478515293184e-01 4.743860738263372956e-01 7.649439577537128221e-01 5.846351935339252348e-01 2.832283344314783392e-03 -6.567378116548061584e+00 -2.030487838983535909e+00 -2.504268251359462738e+00 2.724458398986075281e+03 7.849294887330160009e+02 4.009061876088772351e+03 5.260787825327864908e+01 2.809007599842471947e+01 6.336665712788974503e+01 7.292000000000000171e+01 3.295600090026855611e+01 0.000000000000000000e+00
3.810156250000000244e-01 -3.954394531250000067e-01 5.502001953124999734e-01 2.134580344200134872e-01 1.257980252265930021e-01 1.012947556734085097e-01 5.988580306835286082e-01 5.311971256646557116e-01 6.356217511974567858e-01 5.795072215410069782e-01 2.382843275579879169e-03 -6.788414646685123621e+00 -3.135975677967071551e+00 -5.086890245378017816e+00 3.285527824609043364e+03 9.095719023035843520e+02 4.126941321838737167e+03 5.772010393289646402e+01 3.032171244762382756e+01 6.444236009184687930e+01 8.812000000000000455e+01 3.289169998168945597e+01 0.000000000000000000e+00
7.620117187500000111e-02 -2.942407226562500089e-01 6.906372070312499778e-01 2.323033300399781065e-01 8.109104072451592260e-02 1.100386886298656830e-01 4.879651100592145019e-01 4.094736177017856971e-01 7.661712865709542353e-01 5.735881264248289257e-01 2.908699100116884776e-04 1.301829227805137712e-01 -1.135670796036720276e+00 -3.236890282928943652e+00 8.058829140831912810e+02 3.514208269770234665e+02 1.009166988018153006e+03 2.838837546737352824e+01 1.878059038299899441e+01 3.193187195768317466e+01 9.359999999999999432e+01 3.278299938201904240e+01 0.000000000000000000e+00
-3.047949218750000133e-01 -2.807788085937499845e-01 7.330761718749999600e-01 1.766434673309326409e-01 1.844130308032036064e-02 9.717115745544432914e-02 5.191757041038418397e-01 3.118942808639588726e-01 7.966001702399697626e-01 5.770138432029543463e-01 2.288900307183065459e-04 -1.905488103628158458e-01 -6.707321882247926914e-02 -7.399390336871146667e-01 4.499247711455755052e+02 1.381290637621817154e+02 8.129915327257914441e+02 2.121228606243811043e+01 1.175302355051094594e+01 2.852260581537677453e+01 8.112999999999999545e+01 3.266939979553222884e+01 0.000000000000000000e+00
-4.746020507812500067e-01 -2.116821289062499889e-01 5.494873046874999556e-01 1.887545626819133460e-01 1.484031443297862685e-01 9.289333283901218818e-02 6.434296148668333659e-01 4.395594021609235957e-01 6.283547014638671824e-01 5.786336055230719699e-01 1.732784407378566011e-04 1.946341490745544522e+00 -8.289634466171265093e-01 9.426829206943512229e-01 3.506114901469072720e+03 1.010545978712515165e+02 5.171317332280269738e+02 5.924443557556836737e+01 1.008671295651258504e+01 2.276006116681138991e+01 8.945999999999999375e+01 3.259550098419189368e+01 0.000000000000000000e+00
-2.952124023437500133e-01 -2.258203125000000089e-01 6.302539062499999956e-01 1.593657156169414335e-01 1.948377095699310169e-01 9.824314293861385883e-02 4.965038550852446386e-01 4.958150089575029118e-01 7.038914186733616907e-01 5.756313609596175329e-01 1.016522198724695238e-04 -1.784451408386230398e+00 -1.254573177993297595e+00 -4.606707450747489774e-01 3.714686151086350492e+03 1.051469842563608807e+02 4.552817601633453251e+02 6.097434229178072229e+01 1.033058266097808620e+01 2.134230488252645941e+01 9.256999999999999318e+01 3.258420066833495810e+01 0.000000000000000000e+00
-1.547363281249999889e-01 -4.012792968750000244e-01 7.371069335937500133e-01 7.646279811859130193e-02 1.353949994087219055e-01 5.395779454112052675e-02 3.168692622521139812e-01 5.444447387101984948e-01 7.728417859388178046e-01 5.782087129948814130e-01 1.609625123198482285e-04 -1.076585402339696884e+01 -8.536525964736934105e-03 4.262195235490798817e-01 1.693613453688409891e+03 2.899796939004565957e+02 3.652798068559785065e+02 4.253841871228293314e+01 1.702879228755615415e+01 1.911704657990435763e+01 8.195000000000000284e+01 3.259079963684082060e+01 0.000000000000000000e+00
-1.615869140625000033e-01 -6.232958984374999956e-01 6.111254882812500178e-01 7.820726873874664364e-02 1.175149571657180675e-01 4.064880258440971977e-02 3.229823517392063081e-01 7.113457205710373987e-01 6.435240205395645896e-01 5.820222653843992733e-01 1.658892081908405812e-04 -8.513414762914180756e+00 1.247865870893001494e+00 1.692987830638885471e+00 3.597959707866445569e+03 3.934766155259754328e+02 4.555987150422315040e+02 6.058413933359003778e+01 1.987545684400020818e+01 2.141179401257452852e+01 7.590999999999999659e+01 3.257320007324219091e+01 0.000000000000000000e+00
-1.312280273437499978e-01 -6.436059570312500089e-01 6.785913085937500533e-01 2.888822972178458834e-02 5.909006392359733573e-02 3.906899153590202151e-02 2.147301210410793582e-01 6.879816072030622287e-01 7.067921587248121584e-01 5.760739145462853150e-01 1.987175271045497611e-04 -1.839329277276992691e+00 -4.551829895377159096e-01 2.302743922472000104e+00 3.224234500400964862e+03 2.229381268057746013e+02 2.682732715134757768e+02 5.681212575314544466e+01 1.493804934922023264e+01 1.654013002022528411e+01 7.118000000000000682e+01 3.257800014495849439e+01 0.000000000000000000e+00
-1.860913085937500044e-01 -5.254980468750000133e-01 7.710839843750000311e-01 2.050572020411491753e-02 4.684304513931276254e-02 3.552048268318175328e-02 2.348099132026780500e-01 5.683231848242269457e-01 7.937827118568450135e-01 5.745663467451611606e-01 1.528183678330104830e-04 1.942378095686435602e+00 -8.167683047056197854e-01 3.114329347312450480e+00 1.010852732250142481e+03 1.394462674799951571e+02 3.399601802387929865e+02 3.185318767277059848e+01 1.183694968915416368e+01 1.869917718837715626e+01 7.051999999999999602e+01 3.259769992828368856e+01 0.000000000000000000e+00
-3.912841796875000111e-01 -4.249340820312499933e-01 6.108715820312500266e-01 1.240914911031722884e-01 1.162041514575481438e-01 6.188196260333063414e-02 5.264929252866481502e-01 5.447688734952550460e-01 6.595802091760279984e-01 5.766884951339533716e-01 8.392511872071027168e-05 1.256097891926765409e-01 1.089329305887222210e+00 1.807012260556221106e+00 1.104644563929224432e+03 1.219774908060317529e+02 2.839350744599689733e+02 3.323643094178984114e+01 1.109793355281497718e+01 1.694698698204992127e+01 8.226999999999999602e+01 3.259190101623535440e+01 0.000000000000000000e+00
-5.409472656249999512e-01 -3.599340820312499911e-01 4.501782226562500155e-01 1.779999114036558694e-01 1.637767008483409781e-01 2.829710752367973689e-02 6.860203026083268041e-01 5.415987853162335108e-01 4.805804195736858575e-01 5.754565404130583817e-01 8.617050139996929698e-05 -1.422561019659042358e+00 2.102743992507457804e+00 2.310975256562232960e-01 1.427337426395213697e+03 2.153236400519218421e+02 3.129085659515326370e+02 3.780689231145384355e+01 1.482380424688440002e+01 1.769073124599141877e+01 9.310999999999999943e+01 3.258140098571777088e+01 0.000000000000000000e+00
-7.135571289062500044e-01 -1.597827148437500067e-01 3.673291015624999822e-01 1.469889770209789059e-01 1.460105591475963360e-01 2.911962769031523762e-02 8.100325630700964119e-01 4.141751744255508516e-01 4.050312290984840469e-01 5.751357611528591374e-01 3.070031387389770546e-05 2.929877659678459256e-01 1.234756172895431492e+00 5.253048449754714744e-01 7.252624519246415957e+02 1.463516524854569241e+02 2.089828068016230418e+02 2.693229091175958700e+01 1.216043894322735142e+01 1.446577865107087391e+01 9.584999999999999432e+01 3.259739963531494311e+01 0.000000000000000000e+00
-5.447729492187499689e-01 -3.642407226562500155e-01 3.842504882812500244e-01 1.675774704158305983e-01 2.220250573813915829e-01 3.438868986964225410e-02 6.814360106542105555e-01 5.955639020479152057e-01 4.266580921698559514e-01 5.778774283937362366e-01 9.049305048682835704e-05 1.401219402551650894e+00 -1.905487870573997489e+00 -8.198170569539070529e-01 6.822479498275539527e+02 8.086267103720591365e+01 3.275883852276433572e+02 2.615743423276910207e+01 9.192037590333852037e+00 1.811796029453966739e+01 9.731000000000000227e+01 3.267099933624267294e+01 0.000000000000000000e+00
-3.692871093749999778e-01 -5.500341796875000133e-01 4.408935546875000222e-01 1.378428781032562389e-01 1.785105631589889164e-01 4.837835609912871648e-02 5.236562300343607923e-01 6.935763562748444855e-01 4.927123731591365741e-01 5.784098761673558409e-01 1.587136794001553529e-04 4.214329317212104797e+00 -1.856707549095153731e-01 1.359756457805633423e-01 1.093130750347405183e+03 1.864346108669302282e+02 3.737965494452066650e+02 3.333003633273324340e+01 1.365536833982002385e+01 1.933429695699982176e+01 8.653000000000000114e+01 3.276649951934814453e+01 0.000000000000000000e+00
-7.714184570312500044e-01 -5.285400390625000222e-02 2.830810546875000000e-01 1.115305445849895383e-01 1.633661109149455726e-01 3.691932499408721868e-02 8.406051275322224958e-01 4.076268595711861620e-01 3.421318583778403255e-01 5.761341760389143696e-01 7.272728450505061863e-05 4.338719659447670018e+00 1.520121997296810079e+00 1.188414655923843322e+00 6.541149786654036689e+02 1.042140133926857715e+02 5.215948547295293025e+01 2.594107682708413165e+01 1.032108445267993879e+01 7.319276936102874664e+00 8.881999999999999318e+01 3.280700016021728516e+01 0.000000000000000000e+00
-9.523950195312500533e-01 1.400561523437499900e-01 2.198242187499999944e-01 2.124589622020720383e-04 1.263156539797782862e-02 4.681030511856078442e-03 9.525065523082411056e-01 1.795753078998154895e-01 2.302253627663640445e-01 5.753613924237658273e-01 1.868978317709738681e-06 6.170731955766677324e-01 -4.137195256352423911e-01 3.329268363118170759e-01 1.626179296145657531e+02 4.116620851951791948e+00 1.251486721785594902e+01 1.276709477301962181e+01 2.070696669684780389e+00 3.553267158010011695e+00 9.990000000000000568e+01 3.280800056457519531e+01 0.000000000000000000e+00
-6.867382812500000266e-01 -2.011523437499999900e-01 3.323291015625000067e-01 1.490256122112273984e-01 1.971076055526733428e-01 1.866470286846161689e-02 7.878039598437109881e-01 4.874113980497291609e-01 3.593150909909018087e-01 5.747407507055278808e-01 3.984348115726228537e-05 8.576219320297241433e-01 6.585367441177368553e-02 6.314024478197096668e-01 4.651643592388633124e+02 6.289848030652663624e+01 5.462980526343186227e+01 2.158471391094080971e+01 7.931129617712736390e+00 7.418117976585745232e+00 1.008100000000000023e+02 3.287209999084472400e+01 0.000000000000000000e+00
-3.308300781249999822e-01 -6.280908203124999645e-01 4.661010742187500222e-01 1.185485025405883935e-01 1.512984469175339408e-01 2.608740732073784249e-02 4.774903592040178335e-01 7.387804311690741033e-01 4.932926298948835386e-01 5.763392409702338126e-01 9.228211606241099258e-05 -3.603963464498519897e+00 1.062195109724998421e+00 1.112195169329643241e+00 1.201736549147528649e+03 2.018751551983881711e+02 1.306802462958410160e+02 3.485290664781014414e+01 1.424792664388442631e+01 1.148552238213487797e+01 9.057999999999999829e+01 3.300559913635253650e+01 0.000000000000000000e+00
-5.075366210937499734e-01 -4.521484375000000000e-01 4.861743164062499734e-01 1.322447450816631453e-01 1.567850494384765703e-01 2.838224489092828345e-02 6.243702161641951909e-01 6.010185179943858813e-01 5.145364037888988662e-01 5.755537276731024221e-01 8.212878932854279128e-05 -5.089024478495121073e+00 9.426828688383102062e-01 3.045731814503669810e+00 1.037030028779154236e+03 3.959109881838886054e+02 2.494643621464935848e+02 3.260257963600236053e+01 1.991983029985672005e+01 1.608542335260012024e+01 7.751000000000000512e+01 3.309559970855713118e+01 0.000000000000000000e+00
-8.161767578124999867e-01 5.451660156249999584e-03 4.501147460937500178e-01 3.082981564998627660e-02 6.959466940760609954e-02 1.521497256159781881e-02 8.348498761114543365e-01 2.638643401561972524e-01 4.667100354745319368e-01 5.734076041826999814e-01 2.790062479345131418e-05 -4.344512891769409246e-01 2.737804606556892284e-01 2.227743970453738953e+00 2.615142776158588731e+02 2.619041473190952161e+02 1.726374473286670082e+02 1.617723788347462133e+01 1.618576853472618282e+01 1.332667589935915586e+01 8.404000000000000625e+01 3.312250064849853715e+01 0.000000000000000000e+00
-8.512499999999999512e-01 2.199316406250000078e-01 4.284057617187500000e-01 3.965569496154784852e-04 2.930688347816469072e-02 4.116641730070114483e-03 8.514828943963674845e-01 2.787055974073158748e-01 4.331837236137716651e-01 5.742687049858086201e-01 3.989313870279104756e-06 6.859756886959075817e-02 -1.149390390515326738e-01 5.487806022167203424e-02 8.724919031913069034e+01 9.664111457135781791e+00 6.363790592062279039e+00 9.340979388992655785e+00 3.110839507244608004e+00 2.523252304775716937e+00 9.721999999999999886e+01 3.314669967651366989e+01 0.000000000000000000e+00
-8.520483398437499467e-01 2.245922851562499878e-01 4.209130859374999867e-01 6.419879138469695642e-04 3.071479470133780740e-02 5.490582966804507040e-03 8.524249886906984930e-01 2.848797803513687943e-01 4.273855506217235090e-01 5.743701352910226543e-01 4.712345018072236036e-06 2.312500115931034106e+00 -6.262195304036139998e-01 1.588414713740348705e-01 1.276524919548421337e+02 7.125138224382613572e+00 4.387089366051778683e+00 1.153256904341019684e+01 2.741767518343146470e+00 2.100552303343110161e+00 1.012800000000000011e+02 3.318839992523193416e+01 0.000000000000000000e+00
-7.309008789062499956e-01 1.152758789062500039e-01 5.168310546875000133e-01 7.446900112032889263e-02 5.470495826601982914e-02 4.224587538242338680e-02 7.801827323814963799e-01 2.607556068881898836e-01 5.562015951719456730e-01 5.733156950857418721e-01 2.350496015312395653e-05 2.077743973135948163e+00 -1.654878098666668018e+00 -8.417683202028274358e-01 2.738474856935010848e+02 2.452290672865826693e+01 3.683718834901066685e+01 1.667826446940459917e+01 5.221257343792284011e+00 6.127459690108761237e+00 9.700000000000000000e+01 3.321220081329345675e+01 0.000000000000000000e+00
-4.821484375000000266e-01 -1.309765625000000044e-01 6.207983398437499911e-01 1.229288009166717016e-01 1.503379362583160406e-01 7.617222701907160054e-02 5.961509177216479660e-01 4.092588376353434865e-01 6.793841371211338798e-01 5.741830693190057566e-01 5.434031241979580851e-05 -2.542378249466419327e+00 -2.325609791576862317e+00 -4.339329189360142003e+00 1.413010824126183252e+03 2.694804026301520139e+02 1.280003218445043103e+03 3.767591420642029476e+01 1.657977272259273605e+01 3.603932569095425009e+01 9.815999999999999659e+01 3.323910045623779297e+01 0.000000000000000000e+00
-3.186157226562499889e-01 -4.131176757812500266e-01 5.813598632812500000e-01 1.540220431983471139e-01 1.506258269011974404e-01 6.508030220866203863e-02 5.055076873026873585e-01 5.668262881554625432e-01 6.348697447847516662e-01 5.747900003029231542e-01 8.266480444093962220e-05 -2.964634264111518647e+00 -2.557621978223323822e+00 -4.329877921640872707e+00 1.674860974213585223e+03 4.033440073455923880e+02 1.375423769776913332e+03 4.103230471876432972e+01 2.024562761509465503e+01 3.733860753420280787e+01 9.379999999999999716e+01 3.326729942321777145e+01 0.000000000000000000e+00
-1.447875976562499889e-01 -6.398071289062500222e-01 5.539746093749999822e-01 1.244287161529063351e-01 1.004034952819348042e-01 2.624573550224304497e-02 3.813032449219053710e-01 7.139724486849570173e-01 5.771772720182481997e-01 5.740741506493857171e-01 2.692126834370903513e-04 -7.682913452386856690e-02 -7.405487647652626571e-01 -1.612499986588954881e+00 1.183262103954556551e+03 2.731755683289634362e+02 5.275294371330770673e+02 3.439866286166466836e+01 1.654460579167599477e+01 2.302454328189435628e+01 7.712000000000000455e+01 3.326269897460937841e+01 0.000000000000000000e+00
-3.624755859374999972e-02 -7.995043945312499956e-01 5.623779296875000000e-01 1.220680887103080779e-02 1.191722375750541366e-02 1.765281736850738553e-02 1.162785206950885941e-01 8.069228591583498256e-01 5.778596310247896550e-01 5.768067192693027145e-01 2.934754621044373618e-04 -1.108231749236583630e+00 1.860975672900676781e+00 -1.475304906964302054e+00 1.279981153181131049e+03 1.528723147914699894e+02 4.325192233378076594e+02 3.579398456153137431e+01 1.250342134164077734e+01 2.084935845311123259e+01 7.001999999999999602e+01 3.327189975738525618e+01 0.000000000000000000e+00
-4.587963867187500044e-01 -2.610009765624999867e-01 4.615014648437499867e-01 1.680019627273083294e-01 3.203119406938552127e-01 2.154169165492056393e-02 6.152203566150010738e-01 6.232442943665300605e-01 4.842781160736540635e-01 5.764770131960794686e-01 7.955180745076979127e-05 -1.672561128139495867e+00 8.655488005280495001e-01 -6.189024668931960571e-01 5.600631237176457944e+02 6.005275892460658582e+01 4.422677328155581478e+01 2.372468302095960979e+01 7.797559467596395066e+00 6.679057833638084141e+00 8.220000000000000284e+01 3.329430027008056925e+01 0.000000000000000000e+00
-5.545678710937500533e-01 6.905029296874999611e-02 6.056762695312499778e-01 1.408420377910136467e-01 1.037864649951457663e-01 7.996217533946031741e-02 6.696174739658963260e-01 3.294759595998105750e-01 6.684354260605520626e-01 5.748162683282957985e-01 2.758376675383744799e-05 8.935975772142410456e-01 -1.700000024139881161e+00 3.268292748928069980e-01 3.080839371168956973e+02 5.061989132765986454e+01 2.276100801384671612e+01 1.757505202686179402e+01 7.315045550762853566e+00 4.782031512733230905e+00 9.621999999999999886e+01 3.329630046844482649e+01 0.000000000000000000e+00
-1.760473632812500078e-01 -2.076464843749999956e-01 8.913867187499999734e-01 5.190855037569998970e-02 4.527082500457764447e-02 2.668498549461364999e-02 2.879257273915973303e-01 2.973010048383199488e-01 9.062313544887449224e-01 5.747701286760709127e-01 2.421286463042020341e-05 1.348170787990093267e+00 -1.515243934094905764e+00 3.277439162135123984e-01 2.737625267967434866e+02 2.932316247072142090e+01 1.512173585870085546e+01 1.660060514771474516e+01 5.623088710889490471e+00 3.902454603620114426e+00 9.659000000000000341e+01 3.331780021667480440e+01 0.000000000000000000e+00
-1.879956054687499933e-01 -2.106689453124999944e-01 8.652734374999999645e-01 6.592636877894401948e-02 4.903403937816620123e-02 4.385726656913759014e-02 3.182274602458214918e-01 3.056394017420648312e-01 8.902557993139971204e-01 5.740127382375026510e-01 1.617882628789992567e-06 -2.637195170819759404e+00 -8.173780381679535134e-01 3.664634311199188033e-01 7.250481715902360520e+02 2.012144687192085257e+02 7.307797471451623039e+01 2.705555340330762704e+01 1.420853882623008424e+01 8.556416899664508691e+00 9.556999999999999318e+01 3.338549949645996406e+01 0.000000000000000000e+00
-2.040014648437500078e-01 -3.403955078124999978e-01 7.441577148437500400e-01 7.673422943949702313e-02 1.177369065523147518e-01 7.427197486758231604e-02 3.440215503393541097e-01 4.833280545253342830e-01 7.924914380793360857e-01 5.726102185426802382e-01 9.153123978708358269e-05 -1.576219544410705664e+00 -3.001829276680946457e+00 -1.505182992815971454e+00 9.856901706787616604e+02 2.977357149972822867e+02 6.116151909164433391e+02 3.143524516734272112e+01 1.751418550785679429e+01 2.477661733890051465e+01 8.796999999999999886e+01 3.345810005187988168e+01 0.000000000000000000e+00
-1.220361328125000033e-01 -6.346923828124999556e-01 6.559008789062500400e-01 1.779476287364959580e-02 6.934495031833649847e-02 5.434668928980825042e-02 1.807970701794687218e-01 6.871530914712860039e-01 6.960981627901337010e-01 5.753551573723768575e-01 2.482662022172194482e-04 1.510365991592407253e+00 -2.428353671729564844e+00 -1.804878138601780035e+00 6.214064160018245957e+02 2.810674129314596712e+02 6.112436684761158858e+02 2.497373863542227568e+01 1.694002108872542323e+01 2.478913579718579641e+01 7.545000000000000284e+01 3.351680061340331918e+01 0.000000000000000000e+00
-1.504760742187500056e-01 -6.690063476562500000e-01 6.698120117187500444e-01 7.344474047422415962e-03 4.394281312823295621e-02 3.511609241366384776e-02 1.731690588982603696e-01 7.010793866122353446e-01 6.955316121186604361e-01 5.779404428255219273e-01 1.824259570476510111e-04 -3.488109712004661578e+00 -5.054877680540085239e-01 -2.435975757241249096e-01 1.020956523824994065e+03 2.419442129468791620e+02 1.201768437673372318e+02 3.214223752615824736e+01 1.556276745410440654e+01 1.096522610556826649e+01 7.229999999999999716e+01 3.357740043640136918e+01 0.000000000000000000e+00
-1.469116210937500000e-01 -6.797241210937500222e-01 6.675756835937499689e-01 6.040777415037155464e-03 3.144936010241508595e-02 2.938471662402152018e-02 1.662040969032674842e-01 7.024772173523394780e-01 6.892329141514385027e-01 5.758204849780585999e-01 8.441689978821482901e-05 -3.292378076612949567e+00 -2.616768317520618226e+00 -9.048780643939972057e-01 1.165097995504107303e+03 1.413902704061652855e+02 8.215024820098439307e+01 3.429194874753356714e+01 1.217529247425888173e+01 9.108734956754739542e+00 7.320999999999999375e+01 3.363399978637695398e+01 0.000000000000000000e+00
-1.132836914062499978e-01 -6.948144531250000089e-01 6.331494140625000266e-01 9.913738363981249718e-03 4.499895563125609621e-02 3.275118563175201392e-02 1.508208642814638234e-01 7.264751061823446765e-01 6.585054032879601449e-01 5.749368292953545012e-01 6.993289133501753407e-05 -2.458841505944728834e+00 -1.629268339276313871e+00 -2.382622010707855065e+00 9.536836505574502780e+02 1.445817528322909595e+02 1.429456574552256711e+02 3.097950212816220272e+01 1.213409527544839683e+01 1.219108465646659489e+01 7.198999999999999488e+01 3.369849880218505689e+01 0.000000000000000000e+00
-1.032397460937500011e-01 -6.910522460937500444e-01 6.262402343749999822e-01 1.544073898196221019e-02 6.212583348155022861e-02 3.394813380241394618e-02 1.615524192188534658e-01 7.346285049688495716e-01 6.527824790483188755e-01 5.754157488879482196e-01 1.434931085787390342e-04 -3.878658779561519498e+00 6.615850657224654763e-02 -2.832926959395408506e+00 1.316199669637502893e+03 1.315092853572720628e+02 5.256823261638181748e+02 3.648621196514886833e+01 1.146794063052577428e+01 2.310211681472257439e+01 7.018999999999999773e+01 3.373930004119873161e+01 0.000000000000000000e+00
-2.472729492187500100e-01 -4.320141601562499933e-01 6.527050781250000044e-01 8.388288266062737808e-02 1.850501685798167373e-01 5.122631130218505136e-02 3.808238360134064693e-01 6.096608919352847211e-01 6.908329974113479599e-01 5.755191428385370012e-01 1.228945126302125772e-04 -4.226219807565212427e+00 -2.945121836662292214e-01 -2.575609867870807701e+00 1.173590185591710224e+03 1.538792899237313350e+02 4.824632365467004433e+02 3.451740313890322653e+01 1.240830477341925686e+01 2.211553758646110524e+01 7.981000000000000227e+01 3.374540050506591626e+01 0.000000000000000000e+00
-5.626171875000000044e-01 -6.635742187500000278e-02 6.297900390624999734e-01 9.891898450851441260e-02 1.098063218593597068e-01 6.506475422382355933e-02 6.445596048302473235e-01 3.379491519404309585e-01 6.794852813167985284e-01 5.749936644822245535e-01 2.237154221340916069e-05 -2.664024516344070559e+00 -4.689024409651756375e-01 -2.635061032772064049e+00 4.528061070631296161e+02 1.290661857531273995e+02 2.292370762038787859e+02 2.144535226306184938e+01 1.137040259851296575e+01 1.536816914438126780e+01 9.535999999999999943e+01 3.373460041046142521e+01 0.000000000000000000e+00
-4.583715820312500022e-01 -4.090771484374999822e-01 3.670312499999999756e-01 1.072361177146434613e-01 2.187191905736922126e-01 1.478320902824401539e-01 5.633299432202005796e-01 6.213399262460514993e-01 5.315487077954406114e-01 5.746837497798662486e-01 2.316470959593514402e-04 -1.578963454365730268e+00 -9.990854319930076999e-01 -1.791768317818641654e+00 4.748054884290653490e+02 6.026156555008398641e+01 1.783121134842273250e+02 2.184716489660129923e+01 7.826859986642451084e+00 1.347303036398886711e+01 9.018000000000000682e+01 3.372320129394531563e+01 0.000000000000000000e+00
-2.175659179687499944e-01 -8.061352539062499600e-01 1.921997070312500000e-01 2.898425266146659532e-02 4.067456275820731382e-02 1.925944666564464447e-01 2.762592646827458642e-01 8.309805114132950976e-01 4.790983135425804784e-01 5.764995266763487392e-01 2.420222577159157954e-04 -3.492987846732139801e+00 4.085363805294037198e-02 -1.571951214969158128e+00 5.207137494013609285e+02 2.983100263450886303e+01 7.641904445090798959e+01 2.308494560311501687e+01 5.461929297807782469e+00 8.882008504451626152e+00 8.756000000000000227e+01 3.374240036010742472e+01 0.000000000000000000e+00
-1.852856445312499878e-01 -8.000512695312500533e-01 3.674316406250000000e-01 2.318517000079155232e-02 4.699460565447806382e-02 1.518238508701324485e-01 2.398248112063309512e-01 8.289008623068520043e-01 5.355649926969756613e-01 5.801880601268482041e-01 2.371137630071770306e-04 8.219511872529983165e-01 -3.423780435323715010e-01 -4.838414543867111117e-01 6.727967145233119481e+02 1.201518238732254531e+02 2.411202876864140592e+02 2.595134521132841954e+01 1.096672451545667748e+01 1.553558464427383434e+01 8.556999999999999318e+01 3.377669971466064425e+01 0.000000000000000000e+00
-9.210937499999999334e-02 -7.795336914062499512e-01 5.523901367187500355e-01 1.263908276557921748e-02 4.525646144747732386e-02 3.697954904437064649e-02 1.453382940882059771e-01 8.080403687223379761e-01 5.849054728659409674e-01 5.788198715404088146e-01 4.085583609801102787e-04 6.526524569690227651e+00 -1.226829270124435434e+00 -7.679878288507461237e-01 1.640090923556793314e+03 1.357338676755936149e+02 2.138040183707520328e+02 4.102056126524310997e+01 1.171490408554964269e+01 1.464219326726753856e+01 7.484000000000000341e+01 3.377449951171875142e+01 0.000000000000000000e+00
-8.423339843749999556e-02 -7.693994140625000089e-01 5.389599609374999822e-01 2.042776939868927444e-02 5.440712382793427837e-02 3.673805615901947624e-02 1.659006775484051510e-01 8.039792175097889571e-01 5.720278801358994469e-01 5.771278306001184077e-01 6.299358878999640346e-04 5.806707529425620962e+00 3.886585426330566584e+00 -1.836585358977317783e+00 3.894083625710591605e+03 3.493724918453254418e+02 4.271706969413793331e+02 6.267217467140326193e+01 1.909130792066093107e+01 2.074954801247942981e+01 7.365000000000000568e+01 3.373359905242919865e+01 0.000000000000000000e+00
-1.481469726562499867e-01 -7.542700195312499467e-01 5.237451171875000533e-01 3.271257721781729855e-02 5.975375830531122479e-02 4.795675470829009746e-02 2.337950014971000023e-01 7.928915566891751032e-01 5.676845096407319158e-01 5.752070523912897748e-01 4.948653968182379227e-04 3.225608894228935153e-01 3.100304976999759710e+00 2.381098017096519581e-01 4.335397610375910517e+03 5.648388054441979875e+02 7.193919278219950684e+02 6.584452639288475950e+01 2.396770110783692687e+01 2.682253947894691137e+01 7.251000000000000512e+01 3.367959884643554602e+01 0.000000000000000000e+00
-1.578564453125000100e-01 -7.542456054687499689e-01 5.521215820312499467e-01 2.114549539089202387e-02 4.201350676417349439e-02 4.259051620364187607e-02 2.146256105817531123e-01 7.816008828891474192e-01 5.894308759713323687e-01 5.781994928654802246e-01 7.343460377962417011e-04 -2.752439176440239166e+00 -1.995121969282627195e+00 1.493900150060653749e-02 2.792956495012684172e+03 3.386819512160923296e+02 4.555986887159542675e+02 5.292005684457157599e+01 1.851114428900618236e+01 2.134476310221596762e+01 7.190999999999999659e+01 3.360299976348876783e+01 0.000000000000000000e+00
-2.391503906249999867e-01 -6.152587890624999778e-01 5.124340820312499600e-01 6.231835045814513446e-02 1.757170528173447044e-01 6.548663884997370233e-02 3.457040060430819350e-01 7.444866891597180514e-01 5.727786023213362609e-01 5.776616074240752408e-01 8.454076780938373252e-04 -2.364634119570255155e+00 1.393597576916217884e+00 1.387804960906505514e+00 3.226653093611854729e+03 4.568671705796439824e+02 4.111029699782724265e+02 5.685283271861914045e+01 2.141983391126157343e+01 2.032311424432262825e+01 7.253000000000000114e+01 3.354260070800781079e+01 0.000000000000000000e+00
-3.985791015624999822e-01 -3.989770507812500089e-01 4.513012695312499933e-01 1.216397585630416278e-01 3.038337281882762531e-01 5.168449575304985555e-02 5.296272828748641581e-01 6.804530955461812747e-01 5.053289340949791431e-01 5.753172445166793159e-01 2.682266468301107844e-04 1.646355420351029719e-02 1.657317120134830457e+00 1.157926932871341741e+00 2.408698805211703529e+03 3.687218298522903410e+02 3.181375543604272593e+02 4.907849912395775505e+01 1.927351887666034358e+01 1.787395728825310215e+01 7.485999999999999943e+01 3.351280017852783288e+01 0.000000000000000000e+00
-3.103173828124999867e-01 -5.631835937500000444e-01 4.589550781250000266e-01 9.535780646801000904e-02 2.321375477313993851e-01 4.707886848449706341e-02 4.377838331227063562e-01 7.411567364603552921e-01 5.076599572757555245e-01 5.772712053757629302e-01 1.657725295977406730e-04 1.907621960341930434e+00 -1.243902474641799927e+00 -7.820121976733207525e-01 7.080240831907821075e+02 7.024368147998518452e+01 9.674910177007490120e+01 2.667701453938128964e+01 8.472955496543409737e+00 9.867149783366258475e+00 8.218999999999999773e+01 3.349780036926269844e+01 0.000000000000000000e+00
-1.702319335937499956e-01 -7.878588867187500400e-01 4.819580078124999778e-01 4.995761936903000099e-03 4.826709300875663133e-02 6.674864232540128617e-02 1.843221992923530506e-01 8.179173053496696655e-01 5.468383340805536008e-01 5.771954026878391986e-01 1.330356057336060582e-04 1.829268292486667669e+00 -1.377743937075138092e+00 3.222561046481131619e-01 4.997325127790080046e+02 6.953003802708309422e+01 7.075664663158744361e+01 2.242941673929362523e+01 8.451521542493422245e+00 8.417867641426209246e+00 9.120999999999999375e+01 3.349720058441162251e+01 0.000000000000000000e+00
-1.600781249999999878e-01 -7.442431640625000178e-01 5.512426757812499689e-01 1.009377465248108285e-02 6.030534169673918560e-02 5.260212170481680383e-02 1.889941288929280483e-01 7.837111897571071850e-01 5.970515968551538544e-01 5.777218928831403533e-01 2.048190477429789413e-04 -7.847560587525367337e-01 -1.357926888167858115e+00 -8.719510346651077048e-02 1.813391079985887700e+03 1.163351392944059626e+02 1.050404576711072906e+02 4.259116013984164795e+01 1.087102132865239312e+01 1.024929561761079277e+01 9.320000000000000284e+01 3.351459957122802535e+01 0.000000000000000000e+00
-9.620361328125000278e-02 -7.179833984375000311e-01 6.297485351562499556e-01 2.921194121241568048e-02 3.972380044460295523e-02 2.775797411799434122e-02 1.961302537111090094e-01 7.451335188249585961e-01 6.514147616146236386e-01 5.801389213719455595e-01 5.306732097240488433e-04 -1.545121957957744652e+00 2.225604385137558081e-02 7.655488240718841819e-01 2.237531152107864727e+03 2.606089643717115791e+02 1.858337345019599809e+02 4.732777782627056951e+01 1.614340297778629818e+01 1.365356361921670114e+01 8.295000000000000284e+01 3.352959934234618800e+01 0.000000000000000000e+00
-5.706542968750000222e-02 -7.005371093750000222e-01 6.470263671874999512e-01 2.789880111217497849e-02 3.592437386512755543e-02 3.029558370113371105e-02 1.765085391067355569e-01 7.257248896631617319e-01 6.700288826140163856e-01 5.787087430408750510e-01 5.159842543821006010e-04 3.185366132259368932e+00 -5.932927766442298578e-01 -3.902439326047897616e-02 1.544853247632386910e+03 2.637890753085633833e+02 1.474576024969811385e+02 3.943348583410971742e+01 1.625241740872358776e+01 1.214327490425257849e+01 7.259999999999999432e+01 3.353929962158203182e+01 0.000000000000000000e+00
-8.631103515624999334e-02 -7.434814453125000444e-01 5.582348632812500488e-01 1.820804650187492560e-02 4.000794351100922519e-02 6.362883383631703915e-02 1.601800277550804452e-01 7.699172702537416813e-01 6.125806040179144762e-01 5.763832807691676718e-01 2.790987739137950588e-04 5.284146605730057011e+00 -2.468597670793533538e+00 -2.903658615052699954e+00 1.358730342767398042e+03 1.512048795252563593e+02 2.156186935279137060e+02 3.723778387764566133e+01 1.254188398867983523e+01 1.496829739418225991e+01 7.187000000000000455e+01 3.355430034637451087e+01 0.000000000000000000e+00
-1.084936523437499967e-01 -7.825903320312499467e-01 5.451538085937499556e-01 1.601276862025260289e-02 2.210546075701713686e-02 4.914449140429500568e-02 1.666842560625900749e-01 7.965884059825371066e-01 5.885041770697689856e-01 5.774487033001427516e-01 2.624195924171686075e-04 4.242987716794013764e+00 -3.024390575289725991e-01 -1.641158580183982751e+00 8.945374793429775764e+02 1.715399874944712053e+02 2.424222877866185399e+02 3.020828403117003447e+01 1.310081893921102392e+01 1.565617096457271273e+01 7.259000000000000341e+01 3.355110092163086222e+01 0.000000000000000000e+00
-1.207470703124999961e-01 -7.886645507812499734e-01 5.642504882812500178e-01 9.167529559135436518e-03 1.363236624598503435e-02 2.443999654650687997e-02 1.541018641943933676e-01 7.972603965486909638e-01 5.855071392153438081e-01 5.751402000394043590e-01 1.898621875194008107e-04 -4.908537340164184637e-01 1.215243877172470066e+00 2.862805107235908419e-01 8.777360339236109894e+02 1.816828223838749068e+02 1.339312188422097734e+02 2.963067618721868968e+01 1.353364843879432478e+01 1.157640597823995954e+01 7.012999999999999545e+01 3.354020034790038807e+01 0.000000000000000000e+00
-1.340234375000000089e-01 -8.008349609374999512e-01 5.409887695312499689e-01 7.849289083480833970e-03 1.376323292255401606e-02 2.023396241068840112e-02 1.606597985894331893e-01 8.093823988587355300e-01 5.593771636111223300e-01 5.759981508045612930e-01 1.551014808414433405e-04 -2.609756091833114411e+00 1.294817012250423449e+00 2.990853419899940357e-01 1.409388501717523241e+03 1.867637859560241793e+02 1.759961086398369332e+02 3.763242389982849545e+01 1.372735724934837265e+01 1.326972345912416706e+01 6.831000000000000227e+01 3.354870079040527031e+01 0.000000000000000000e+00
-2.248071289062499867e-01 -6.700073242187499778e-01 5.968701171875000488e-01 2.376080476641655517e-02 4.803573295474053428e-02 5.489901373386382732e-02 2.725785207485869610e-01 7.049436484297945116e-01 6.412120948058324110e-01 5.738429413455329309e-01 2.353987297816923234e-04 -1.581402407884597849e+00 -7.036585861444473178e-01 1.448475617170333907e+00 2.178171761629911998e+03 4.582038174129892809e+02 3.717140870154957497e+02 4.669767226752929901e+01 2.141725829369493184e+01 1.933422273144262604e+01 7.104999999999999716e+01 3.357200141906738367e+01 0.000000000000000000e+00
-3.485107421875000000e-01 -5.169140625000000488e-01 6.820239257812500400e-01 1.865729629993438665e-02 4.498258242607114377e-02 6.119313747286796862e-02 3.743220988934750082e-01 5.587331477873180852e-01 7.254996711308254742e-01 5.710462739911121854e-01 2.391323618201946551e-04 -9.573169907927513433e-01 -2.050914648473262769e+00 1.012804897129535586e+00 1.692787923832472870e+03 3.939411064907350237e+02 2.892267143734302977e+02 4.115463983141309257e+01 1.995363018064776739e+01 1.703679805987849960e+01 7.423999999999999488e+01 3.359690101623534986e+01 0.000000000000000000e+00
-3.431518554687499889e-01 -5.401464843750000133e-01 6.303417968750000266e-01 1.826961562037468512e-02 7.134063997268676183e-02 9.664698514938352414e-02 3.688127052204419054e-01 6.025768536505189399e-01 7.028355184799550681e-01 5.737587655978155787e-01 1.014330957108133824e-04 2.084451301991939509e+00 -6.548780417442321422e-01 -3.097561326622962907e-01 6.957685098933424115e+02 1.213267330507795236e+02 7.001148639468360102e+01 2.645965697290344210e+01 1.103429192564426842e+01 8.373018288311897095e+00 8.318999999999999773e+01 3.360699996948242330e+01 0.000000000000000000e+00
-2.588305664062500178e-01 -7.396630859374999645e-01 4.318627929687500200e-01 2.901747352480887887e-02 7.770379211902617156e-02 9.064351212382318335e-02 3.098559917622847326e-01 7.904462491641108812e-01 5.264494126453106437e-01 5.759375319178555719e-01 2.772718147012399309e-05 2.508841478526592450e+00 -2.914634117484092846e-01 -2.030487924814224354e-01 2.459533132470878627e+02 7.224357685861743050e+01 3.990287212580347642e+01 1.588230458124586519e+01 8.504618026637373873e+00 6.320134566441732993e+00 9.295999999999999375e+01 3.360819980621337777e+01 0.000000000000000000e+00
-1.726220703124999867e-01 -8.901367187500000000e-01 2.996923828124999911e-01 2.390535809993743488e-02 1.899301767349243289e-02 3.928030421733855887e-02 2.317406681161317539e-01 9.007421360969570800e-01 3.592990795050449715e-01 5.759150113964368600e-01 1.585491074415913254e-05 2.476829284131527142e+00 -4.493902537226677207e-01 -4.170732003450393632e-01 3.157086371107553759e+02 2.773954725627357121e+01 3.419716754282546134e+01 1.793999220773205749e+01 5.285971893267549682e+00 5.862688598012989694e+00 9.639000000000000057e+01 3.361559959411621179e+01 0.000000000000000000e+00
-4.853613281249999911e-01 -4.738696289062500067e-01 3.414843750000000067e-01 1.458616613388061256e-01 2.173379378974436837e-01 4.958896527290342082e-02 6.176060881970563132e-01 6.647483456896984277e-01 4.076770089691643117e-01 5.746963246125864622e-01 3.179060598593857876e-05 1.395731756687164316e+00 -9.146013855933354938e-04 9.804877889156341508e-01 4.645443539056589088e+02 8.722647724772910749e+01 1.507251058485300064e+02 2.159843561562466974e+01 9.339511661978088242e+00 1.231610580308332814e+01 8.809999999999999432e+01 3.357349964141845788e+01 0.000000000000000000e+00
-8.858984374999999689e-01 -1.522460937500000056e-01 2.800512695312499800e-01 2.106891336441039930e-02 3.671085476875302761e-02 4.630995404124256531e-02 8.977109528848090658e-01 2.447237786380531688e-01 3.531836174106995907e-01 5.747555616025221692e-01 2.271529364492114520e-05 -1.115853151679039035e-01 3.432927042245864646e-01 1.215548790693283143e+00 3.419589300485369563e+02 8.506483860141710807e+01 1.231025929834978854e+02 1.849246823252910232e+01 9.229446813443964004e+00 1.116154791442718519e+01 8.317000000000000171e+01 3.349000038146972713e+01 0.000000000000000000e+00
-7.909765625000000355e-01 -3.294042968750000022e-01 1.869628906249999889e-01 9.955808010101316330e-02 8.102503194808960418e-02 3.816294312477111483e-02 8.515879300021399478e-01 4.353529863774943109e-01 2.704035236375939566e-01 5.739844077832985114e-01 2.295535819792206094e-05 1.620122054219245822e+00 -8.045732533931732045e-01 5.155487680435180131e-01 3.172813275744255748e+02 8.173217729690678368e+01 9.806345078585118813e+01 1.788591968686523259e+01 9.076316180972456849e+00 9.916110190900582211e+00 8.748000000000000398e+01 3.343999938964843466e+01 0.000000000000000000e+00
-3.927246093749999778e-01 -5.421313476562500400e-01 3.826489257812499822e-01 1.470290243625641258e-01 1.440203204810619753e-01 1.062746084392071078e-01 5.488730665384397023e-01 6.617603180855163858e-01 5.026875857237291800e-01 5.742264170665333234e-01 3.056902678643490511e-05 1.565243980586528805e+00 -7.106707963347435042e-01 5.743902215361594843e-01 2.679404115455083115e+02 8.804402399064663598e+01 1.024308591282702992e+02 1.644355193576711827e+01 9.410051911196333663e+00 1.013709935113919869e+01 8.954000000000000625e+01 3.342019889831542656e+01 0.000000000000000000e+00
-1.513012695312500044e-01 -6.730200195312500133e-01 5.544384765625000044e-01 8.331957882642744562e-03 8.484395825266841107e-02 1.253945994138717657e-01 1.767032315618780880e-01 7.333484198813771116e-01 6.578728020725721493e-01 5.761825123509531910e-01 2.997586642553103553e-05 -7.256098508834838423e-01 -8.304878464341163280e-01 9.948170897364616572e-01 3.359971566764916702e+02 1.155391641879587610e+02 4.613576014886709942e+01 1.834458138885133494e+01 1.078094959876139924e+01 6.864795786540108580e+00 8.904999999999999716e+01 3.341970005035400249e+01 0.000000000000000000e+00
-1.378149414062500022e-01 -7.736865234374999956e-01 4.140087890624999933e-01 7.335897082090374506e-03 6.918448922634123921e-02 1.285862893819809116e-01 1.622616872736706850e-01 8.171752111849370781e-01 5.477130332600991247e-01 5.758639200656913149e-01 2.899042436309877743e-05 1.832316640019416853e-01 -1.317987858057022121e+00 3.253048723936081132e-01 3.809365855527709073e+02 1.049792050848607801e+02 5.688325944297637449e+01 1.951845689073456924e+01 1.033035803246173145e+01 7.549111384989586782e+00 9.509999999999999432e+01 3.348200004577636690e+01 0.000000000000000000e+00
-1.273413085937500078e-01 -8.224926757812499600e-01 3.443920898437500266e-01 5.221119040250775563e-03 7.018569738268851110e-02 1.065845938384532704e-01 1.464135509938183366e-01 8.641064165347280834e-01 4.745424168453215019e-01 5.747250116367987882e-01 1.000792606095402568e-04 1.907317148149013430e+00 2.225608974695220468e-02 -8.323171246051788152e-01 1.528434328201969095e+02 5.373672724689433977e+01 1.333287271808922014e+02 1.250924823975526756e+01 7.330567684731187583e+00 1.157676461610942553e+01 1.012199999999999989e+02 3.362519897460937557e+01 0.000000000000000000e+00
-3.719946289062500133e-01 -4.993798828125000089e-01 5.391284179687499956e-01 1.122793956935406179e-01 1.181179981470108081e-01 8.857442600131033850e-02 5.006589653932497219e-01 6.062163520599201938e-01 6.158196790155358036e-01 5.746841302634533299e-01 1.166045522395265521e-04 -4.801828894019126714e-01 7.189024361968040511e-01 3.576219326257705777e-01 1.680542388137255330e+02 1.102324423281339847e+02 1.296276428476839158e+02 1.297246369896635443e+01 1.052374757588302145e+01 1.139102876365339156e+01 9.504999999999999716e+01 3.371869876861572379e+01 0.000000000000000000e+00
-5.347070312499999645e-01 -2.344091796874999967e-01 7.078735351562499556e-01 9.212031807899476177e-02 2.246361734867096185e-02 4.353091046214103976e-02 6.148430103263622382e-01 2.782288282519221889e-01 7.379809294532939656e-01 5.758437953893615902e-01 4.378835235419881861e-05 -9.554878062009811712e-01 -7.423780786991119873e-01 -4.216463688015937850e-01 1.480257544883048411e+02 8.213296757039644547e+01 4.203351974945047687e+01 1.220404488012493616e+01 9.093079389410902991e+00 6.497022811240087847e+00 9.310999999999999943e+01 3.369699859619140625e+01 0.000000000000000000e+00
-4.053515624999999845e-01 -2.984570312500000044e-01 7.943872070312499867e-01 4.706437335014346246e-02 2.183204112052919421e-02 3.875827752947807320e-02 4.597545677547258958e-01 3.330294891193461004e-01 8.184187878002240346e-01 5.744648766095319381e-01 3.496598447465105970e-05 2.772865929901600079e+00 -1.502439045608043644e+00 -1.617073205411434067e+00 2.137771452406501282e+02 7.012059812765704692e+01 5.391292298570992614e+01 1.488173144180001373e+01 8.507521449483665066e+00 7.518500431427104225e+00 9.240999999999999659e+01 3.366619880676269361e+01 0.000000000000000000e+00
-6.235034179687499734e-01 -1.720117187499999867e-01 5.620214843749999911e-01 9.215495187640186658e-02 5.734873809814453050e-02 1.019993196964263937e-01 6.934778036066587825e-01 2.948504188321149910e-01 6.464266923600113790e-01 5.735873920136580484e-01 1.772773788824869048e-05 2.882926865816116457e+00 -1.224390224814414951e+00 -3.225609761476516679e-01 1.030980675159984912e+03 8.317167633451845177e+01 4.889117728623178039e+01 3.223805115812102429e+01 9.201674182296372351e+00 6.999658768080415427e+00 8.881999999999999318e+01 3.366129928588867415e+01 0.000000000000000000e+00
-8.947778320312500533e-01 1.165771484375000000e-02 3.802758789062499756e-01 7.263535201549524249e-04 1.821424290537834029e-02 2.688799964785575439e-02 8.951836248584413847e-01 1.354627078599735246e-01 4.141228606654994704e-01 5.747797827730245501e-01 1.031914312807907283e-05 1.779268265962600681e+00 -1.131097553074359885e+00 5.810975649952888622e-01 1.001204389976459879e+03 4.062207203649819576e+01 2.835252188301138077e+01 3.169179997315898589e+01 6.473133222101101758e+00 5.356323017057020408e+00 8.926999999999999602e+01 3.364429912567138814e+01 0.000000000000000000e+00
-5.532836914062500000e-01 -1.953320312500000100e-01 6.526171874999999734e-01 1.217388765513896937e-01 4.973313293457030243e-02 4.715998086929323874e-02 6.541113970322762761e-01 2.964586570954224620e-01 6.878002430136990197e-01 5.743285172688963325e-01 6.179041345163153618e-05 -5.609755396842957403e-02 -1.474390286803245464e+00 1.533537006378173917e-01 2.313662916473284383e+02 8.084623577008561313e+01 9.764934872698731283e+01 1.521083293521067148e+01 9.111534584684697791e+00 9.882958367031941194e+00 9.110999999999999943e+01 3.362779911041259595e+01 0.000000000000000000e+00
-4.695776367187500244e-01 -1.849609375000000056e-01 6.723461914062499600e-01 1.241438435256481121e-01 8.706386804580684702e-02 6.618861467242241614e-02 5.870664361313926438e-01 3.482447651389548038e-01 7.198875021632978877e-01 5.738560454616318252e-01 6.076671921510012138e-05 1.804878151416778598e-01 -1.753048649430274941e-01 9.612805905938148765e-01 2.141822987020825622e+02 2.075393055177579527e+02 2.363905894193502206e+02 1.463608125672637605e+01 1.440729111642541760e+01 1.540502027889618653e+01 9.301000000000000512e+01 3.362279930114745952e+01 0.000000000000000000e+00
-5.320703125000000311e-01 -1.109179687499999983e-01 6.150878906250000222e-01 1.466101688385009483e-01 9.218247399330144198e-02 7.467612862586969769e-02 6.555219189945891145e-01 3.232418131754110635e-01 6.730596123816833254e-01 5.743222625789485836e-01 5.014713086776859511e-06 1.230487827360630115e+00 6.015244355797767506e-01 7.771342095732688415e-01 1.759755334878965982e+02 1.333085331859336407e+02 1.588936890651997658e+02 1.332252355153404721e+01 1.156159006506169717e+01 1.262923697793690359e+01 9.562999999999999545e+01 3.359920066833495866e+01 0.000000000000000000e+00
-2.365209960937499911e-01 -3.279565429687499867e-01 8.168823242187499556e-01 7.372205292582516278e-02 4.796817862391473952e-02 3.692776963114741129e-02 3.600892035579584260e-01 3.943648979053894776e-01 8.391808513378832268e-01 5.740211376274710897e-01 1.489589171762378248e-06 3.585365980863570723e-01 -5.847561067342758045e-01 -1.920731663703918457e-01 6.518369471673351256e+01 8.148914192701171899e+00 1.394078109056858317e+01 8.081599050243760018e+00 2.913906981539424290e+00 3.738672651063223107e+00 9.751000000000000512e+01 3.358000183105468750e+01 0.000000000000000000e+00
-1.196240234375000044e-01 -4.225610351562499867e-01 8.910009765624999911e-01 5.454694986343383871e-04 1.598819434642792048e-04 1.160590887069701900e-04 1.218826340460768265e-01 4.227501748974041851e-01 8.910661026680544161e-01 5.738385626401839579e-01 8.851411809587449356e-07 7.262195301055908159e-01 -4.381097617745399742e-01 7.957317203283309492e-02 3.346787498341201594e+00 6.865401271348704704e+00 3.247117863038848085e-01 1.968294262616232526e+00 2.656565721888100473e+00 5.753639509138984698e-01 9.962999999999999545e+01 3.359590087890624943e+01 0.000000000000000000e+00
-1.202099609374999989e-01 -4.096582031250000089e-01 8.972094726562499512e-01 9.646389484405517927e-05 4.038905143737794206e-04 8.559400439262389965e-05 1.206105244306620583e-01 4.101508672451851800e-01 8.972571715113224489e-01 5.738776879862422797e-01 9.200623552676598844e-07 3.423780530691146184e-01 -1.362804883718490012e-01 1.939024469256399597e-01 8.337018101553596239e+00 2.704090928676147421e+00 1.350359217881270890e+00 2.907617724663438263e+00 1.650049484163131686e+00 1.178116028583357178e+00 9.995999999999999375e+01 3.363169971466064112e+01 0.000000000000000000e+00
-1.211254882812499989e-01 -3.216284179687500244e-01 9.283300781250000133e-01 3.639980018138886460e-04 7.925981158018114564e-03 9.571484565734854040e-04 1.226188481155532639e-01 3.337226698968757121e-01 9.288454566870325557e-01 5.740594880132389166e-01 4.172414396508966199e-06 3.003048649430274941e-01 -7.926828414201729511e-02 6.079268294572830467e-01 1.043845327778866476e+02 1.676903746576892829e+01 2.301475768187972193e+01 1.022128738417011107e+01 4.095768661269792332e+00 4.835734971217272360e+00 1.000999999999999943e+02 3.368599998474120838e+01 0.000000000000000000e+00
-1.129467773437499989e-01 -2.639257812499999911e-01 9.472778320312500444e-01 7.147021949291230839e-04 4.098369979858398557e-03 5.686597526073454813e-04 1.160675523446055984e-01 2.715790639726877731e-01 9.475779391746266267e-01 5.729198736610213727e-01 2.887176268954323689e-05 6.576219448447226945e-01 -1.731707203388214156e-01 2.112804695963859669e-01 1.128036635629622140e+02 3.800362606195773907e+01 3.544518365738008470e+01 1.064124664620191574e+01 6.167139868718757079e+00 5.957333555728848928e+00 9.040999999999999659e+01 3.372399997711181641e+01 0.000000000000000000e+00
-2.853002929687499800e-01 -1.732739257812500044e-01 8.128735351562500488e-01 9.739818703532217292e-02 5.192778212428093149e-02 5.963531548380852226e-02 4.228409206822073552e-01 2.862719606945938189e-01 8.487630409255740860e-01 5.731046146390579299e-01 2.931005575191342007e-05 -8.707316854596137690e-01 5.954268226027488176e-01 -2.359756231307983398e-01 2.599171001277071014e+02 9.610212397047561694e+01 2.298906308056433900e+01 1.614544126977551741e+01 9.821235007449441667e+00 4.800494513617977077e+00 7.643999999999999773e+01 3.370839904785156449e+01 0.000000000000000000e+00
-6.656494140625000000e-01 5.337158203125000333e-02 5.067626953124999556e-01 1.101839691400527954e-01 9.824990140795711313e-02 7.864023745059971204e-02 7.438233066944073268e-01 3.179597886155975939e-01 5.791793045430658760e-01 5.752069819348942792e-01 8.192271843731289215e-06 -2.774085371494293017e+00 6.536585360765456709e-01 1.289633965492248402e-01 3.968017796611168251e+02 8.107555464566503645e+01 2.950546330833859443e+01 2.011211896617199812e+01 9.027891455231989326e+00 5.433423862169054708e+00 7.529000000000000625e+01 3.365619934082031506e+01 0.000000000000000000e+00
-4.044140625000000044e-01 -9.818115234374999445e-02 5.662988281249999867e-01 2.683567851543426919e-01 1.453935830295086384e-01 7.507754602432249735e-02 6.571967126379258950e-01 3.937424560611355040e-01 6.291040524111021215e-01 5.741531870188755216e-01 3.922691819569260291e-04 -1.390243846178054854e+00 1.542987827062606732e+00 -2.617682948410510857e+00 1.427659931791588861e+03 2.616612822637396221e+02 6.939190269613519604e+02 3.780995516717025851e+01 1.624937210165990109e+01 2.647208512716274598e+01 7.637000000000000455e+01 3.360160095214843778e+01 0.000000000000000000e+00
7.183837890625000000e-02 -5.886621093749999645e-01 6.268969726562499956e-01 7.198262378573418163e-02 8.749987092018127188e-02 7.078775627017022676e-02 2.777469648252022250e-01 6.588041817824213942e-01 6.810195082343392103e-01 5.710899419988971770e-01 5.352048937468829870e-04 3.121951327919960217e+00 9.695121979713440252e-01 -3.916768313944339663e+00 1.796026960723371076e+03 3.046971625187788391e+02 8.193178533121977125e+02 4.249439422814815259e+01 1.748248027085385914e+01 2.889046429771104130e+01 7.365000000000000568e+01 3.354880111694335909e+01 0.000000000000000000e+00
1.064355468749999950e-01 -7.995581054687499467e-01 5.154028320312500355e-01 2.405763974189759069e-02 1.429930507540702264e-02 2.932232629656792572e-02 1.881121085429587614e-01 8.084506596547397228e-01 5.431044149722968895e-01 5.708014408003454498e-01 3.193748609340953180e-04 2.859146366417407936e+00 -7.865853756666183472e-01 -1.412195139825344059e+00 5.337855141808939834e+02 5.252228953384489785e+01 1.539742735332120560e+02 2.328003934974107025e+01 7.289787794377657448e+00 1.248873767224528208e+01 9.126999999999999602e+01 3.346120086669921534e+01 0.000000000000000000e+00
7.892578124999999334e-02 -7.339184570312500266e-01 6.198437500000000266e-01 1.962948570251464922e-02 2.547263342738151706e-02 1.032288346290588348e-02 1.608066063581888583e-01 7.510718574134649383e-01 6.281155609256694472e-01 5.721494661157149331e-01 2.584446727394733214e-04 2.430182895660400355e+00 -8.262195304036140664e-01 1.151524386703967950e+00 3.303678070364048267e+02 1.009654852836364647e+01 2.291941377987702424e+02 1.833776420239842864e+01 3.283167257509737702e+00 1.518288991634807950e+01 1.069399999999999977e+02 3.342540061950683850e+01 0.000000000000000000e+00
-1.183203124999999967e-01 -5.431298828124999645e-01 6.576489257812500044e-01 9.841172518730166574e-02 1.359527650117874076e-01 1.895373088717461352e-02 3.352781256470503402e-01 6.564623634418864651e-01 6.719046364391353388e-01 5.716378529370775841e-01 1.835622840325549241e-04 -8.500001680850982622e-01 -2.588414841890335216e-01 2.424390287399292188e+00 9.700924355018993310e+02 1.882065676771376843e+02 2.823054326680950226e+02 3.115790326366079910e+01 1.372128152145691438e+01 1.697595655430736272e+01 1.022199999999999989e+02 3.348049964904785014e+01 0.000000000000000000e+00
-4.244335937500000044e-01 1.410717773437500100e-01 5.309960937500000089e-01 8.765447554588323698e-02 4.037031520068642965e-01 2.600028386116025325e-02 5.174923681074178328e-01 6.508489827677301776e-01 5.549388573878378805e-01 5.729606277617318444e-01 9.924787660033013235e-05 -3.753963581919669945e+00 5.487803727388383679e-02 1.065548826754093126e+00 6.604642334919839186e+02 1.813936117043912191e+02 5.919373763236440311e+01 2.597222508885912973e+01 1.346835636977899320e+01 7.767183011527498238e+00 9.070999999999999375e+01 3.352109931945800980e+01 0.000000000000000000e+00
-3.465527343750000044e-01 4.309374999999999734e-01 6.373632812499999689e-01 8.678843674659730834e-02 1.004232517242431427e-01 8.965423645973205624e-02 4.548485840907791622e-01 5.349115633733235731e-01 7.041918692696604865e-01 5.746589558664874087e-01 7.982376080596856322e-06 -9.487805083394050820e-01 -1.944817090034484774e+00 -9.250000333786010387e-01 8.435772086001117032e+01 1.344843186768623013e+02 3.922922222603458664e+01 9.233520743086895521e+00 1.175868326771975703e+01 6.331259534072583683e+00 9.137999999999999545e+01 3.356519943237304915e+01 0.000000000000000000e+00
-4.560546875000000278e-02 1.265966796874999911e-01 9.293310546874999911e-01 3.272278428077699669e-02 3.272479345798492284e-02 3.969578435420990231e-02 1.865546650734958289e-01 2.207974473717583541e-01 9.504483118827614652e-01 5.740898739078071911e-01 7.884836893062202904e-06 -5.756097519397735951e-01 -1.907317088246345493e+00 -9.347561317682265836e-01 5.113218180643541899e+01 1.337238714858009985e+02 3.870639351142266094e+01 7.173807105921063076e+00 1.172014206231809297e+01 6.291276701695849738e+00 1.067800000000000011e+02 3.375220016479492102e+01 0.000000000000000000e+00
-3.576660156250000087e-03 -1.225195312499999939e-01 8.831640625000000133e-01 3.243389293551443564e-02 1.270431443691253381e-01 5.576705851554869531e-02 1.801296350781507460e-01 3.769007560444063154e-01 9.141913474798657457e-01 5.770159928937175220e-01 2.680259811499613215e-04 -8.533537158370018139e-01 -9.207317191362380804e-01 1.133841487169265694e+00 3.199318587924709050e+02 2.143497826622156310e+02 4.912300103347942013e+02 1.790698387101534550e+01 1.466961245435063077e+01 2.219269264539164155e+01 1.063900000000000006e+02 3.400479995727538807e+01 0.000000000000000000e+00
-4.122558593750000333e-02 -4.250024414062499867e-01 8.053857421875000311e-01 3.281044604778290963e-02 9.490756117701540373e-02 5.012052776813504668e-02 1.857686598532516109e-01 5.249139323529985468e-01 8.359226767393294066e-01 5.769824056457394379e-01 2.692895215927076946e-04 -1.538414647579193106e+00 -7.579268422722816867e-01 1.413414666354656291e+00 6.188206914902832523e+02 2.306995564705614470e+02 4.997488950320286563e+02 2.492363157965085918e+01 1.520769573501515914e+01 2.239970169558280944e+01 1.031800000000000068e+02 3.411059898376464616e+01 0.000000000000000000e+00
-6.476318359374999556e-02 -5.225830078125000000e-01 8.377099609375000533e-01 4.049180209636687230e-04 2.368108630180358696e-03 4.952358746528624095e-03 6.781731320364614568e-02 5.248438898230023408e-01 8.406606553184444719e-01 5.738168532918404008e-01 2.011778653829991402e-06 -2.533536082506179787e-01 -2.585365942120551597e-01 3.048780578374862826e-01 3.056918291525319091e+02 1.670842305733685507e+01 9.368977220212871160e+00 1.748588050980977471e+01 4.095761739638136056e+00 3.076024682989982661e+00 1.044099999999999966e+02 3.409919891357422017e+01 0.000000000000000000e+00
-7.496093750000000500e-02 -5.325195312499999556e-01 8.363623046874999467e-01 8.175244331359862531e-05 8.113741874694822809e-05 4.348351955413816639e-05 7.550426871503693182e-02 5.325957083768763090e-01 8.363882999072504987e-01 5.740004700220679990e-01 9.889467910330946137e-07 6.655488002300262718e-01 -4.155487880110739773e-01 2.652439028024670964e-02 7.700626151363409555e+00 7.041875246383265674e-01 2.630996300785590769e-01 2.853696086981063917e+00 9.364124731419366521e-01 5.136177307670538594e-01 1.044599999999999937e+02 3.408080001831054773e+01 0.000000000000000000e+00
-8.313720703124999334e-02 -5.415405273437500222e-01 8.299951171874999645e-01 4.639083743095398971e-05 4.694148898124695583e-05 2.513434886932371925e-05 8.341574210176325166e-02 5.415838663076366633e-01 8.300102583124868705e-01 5.742203004972895597e-01 8.640064538014838728e-07 5.378048935532570018e-01 -4.189024475216865384e-01 4.420731782913201596e-02 4.395105858658484799e+00 4.271568301565357717e-01 1.084059942250872460e-01 2.164333606953492417e+00 7.762963935870079712e-01 3.322051793315888291e-01 1.032099999999999937e+02 3.407300033569335795e+01 0.000000000000000000e+00
-8.689941406249999944e-02 -5.420092773437500400e-01 8.292065429687499600e-01 1.420953273773193359e-05 4.086763262748717326e-05 2.255589365959166382e-05 8.698113414496015661e-02 5.420469761555003485e-01 8.292201437470299030e-01 5.741021222193698481e-01 7.550332352640752672e-07 3.664634189009665644e-01 -4.118902537226676319e-01 4.542683094739904948e-02 8.110868134408802943e-01 3.154092729693499519e-01 6.236048410454813479e-02 9.723076934970049656e-01 6.964645389975525624e-01 2.538189927378794453e-01 1.009699999999999989e+02 3.406999969482421875e+01 0.000000000000000000e+00
-4.807128906250000139e-02 -5.532275390624999956e-01 8.045629882812499467e-01 2.596629559993744035e-02 7.714171385765074967e-03 9.742283219099045349e-03 1.681580935669403642e-01 5.601561223113740162e-01 8.105947725782308710e-01 5.753695931735434144e-01 6.063632568501539470e-05 1.690853702127933511e+00 1.110670767128467462e+00 9.975610342621802351e-01 4.116085671946551088e+02 1.827347688621930786e+02 4.557697656693212593e+02 2.035847620615685472e+01 1.356349359181279723e+01 2.137205871427456927e+01 9.976999999999999602e+01 3.407419921875000313e+01 0.000000000000000000e+00
-1.026098632812500050e-01 -5.176049804687500311e-01 7.338061523437500178e-01 7.767847930788991662e-02 7.200209485888481309e-02 3.846659666895867191e-02 2.969970763332305252e-01 5.830240223738125671e-01 7.595643921923259656e-01 5.808090576171256458e-01 2.971703070795698098e-04 -1.070121980905532899e+00 3.375609783232212280e+00 8.210366010665893777e-01 9.788996235883527106e+02 4.653419585359646362e+02 1.390560164171026372e+03 3.130566697328727699e+01 2.183430099509983080e+01 3.729925287819203561e+01 8.534000000000000341e+01 3.404369880676269844e+01 0.000000000000000000e+00
-9.333496093750000278e-02 -5.959326171875000133e-01 6.838745117187500222e-01 5.519087612628940237e-02 7.840170958042146088e-02 2.757681056857106891e-02 2.527890248003145102e-01 6.584355654187924456e-01 7.037479366556820271e-01 5.797368452676724404e-01 2.531510688217393935e-04 -2.454878111183643519e+00 2.110365841388702535e+00 8.902435094118113512e-02 5.661220048730834833e+02 2.897161234487000456e+02 9.350934454335879309e+02 2.391962439951456076e+01 1.715137800391561029e+01 3.057942724723026373e+01 8.393999999999999773e+01 3.397629886627197493e+01 0.000000000000000000e+00
2.557128906249999875e-02 -7.937402343749999645e-01 4.918652343750000155e-01 2.491990759372711417e-02 1.979534473419189422e-02 8.084736928939818823e-02 1.599180990946460768e-01 8.061134562825953420e-01 5.681362319692099261e-01 5.760933112830021186e-01 1.598261722961924881e-04 6.743902423977852223e-01 -2.289634139835834414e+00 1.354268320202827391e+00 1.000880087797325814e+03 2.327046301918509528e+02 3.070997243010186253e+02 3.164387602675069289e+01 1.542553255761864328e+01 1.757651179796843266e+01 9.373000000000000398e+01 3.392199924468994254e+01 0.000000000000000000e+00
-7.919677734374999667e-02 -7.196118164062500488e-01 5.162304687500000044e-01 6.101992833018301393e-02 4.646051818728449273e-02 1.100428384304046880e-01 2.594071276426662687e-01 7.512001627387915326e-01 6.136258919702209935e-01 5.760101123339407270e-01 2.865666959094931516e-04 -6.070122107863425986e-01 -3.032926859259605479e+00 8.640244445204734447e-01 1.105487723644901962e+03 2.853811998053252523e+02 4.474753952176743610e+02 3.325441605965957592e+01 1.716332849825301210e+01 2.117125252455327455e+01 9.445999999999999375e+01 3.385769950866698963e+01 0.000000000000000000e+00
-1.663671875000000133e-01 -5.518066406249999556e-01 7.473803710937499956e-01 4.413504757881165502e-02 2.927584767341613603e-02 2.846348983645438299e-02 2.679796422407340062e-01 5.777252083051803710e-01 7.661859493182355818e-01 5.727039988012091465e-01 2.787227107864986885e-04 4.263109937310218811e+00 -1.538414753079414332e+00 2.039634943008422907e-01 9.266233385322348113e+02 3.165880006944791489e+02 2.942792834366953798e+02 3.073755756187905064e+01 1.785930347597496493e+01 1.715578283097867640e+01 1.004099999999999966e+02 3.378899898529052592e+01 0.000000000000000000e+00
-5.583740234375000194e-02 -6.039965820312499512e-01 5.003417968750000222e-01 8.946857129931450048e-02 7.126043493151663910e-02 2.292963695526122336e-01 3.042801123961477727e-01 6.603577106666879137e-01 6.925592272525983306e-01 5.757779305696343330e-01 3.326492261267038073e-04 5.220731913149356807e+00 -3.281097725033760071e+00 -2.734756037592888100e-01 9.055677757231117084e+02 3.860770275851626252e+02 2.200465143008970585e+02 3.054216458327875827e+01 1.992090936343982577e+01 1.483648554094764194e+01 9.037999999999999545e+01 3.373149871826171875e+01 0.000000000000000000e+00
1.530712890625000044e-01 -7.686499023437499689e-01 8.840087890624999389e-02 1.244422244787215109e-01 8.559950100779538384e-02 2.218354214370250599e-01 3.845426426470503478e-01 8.224488880051159523e-01 4.792182559423446842e-01 5.830649642929042198e-01 3.705459920586539322e-04 -2.269817130565643382e+00 -2.749390366375446426e+00 -2.320122045278549372e+00 1.084267708388346136e+03 3.543016447682345529e+02 4.145557343945928892e+02 3.300635966286733236e+01 1.902263893772240522e+01 2.049240592755229784e+01 7.481000000000000227e+01 3.364369869232177734e+01 0.000000000000000000e+00
-5.723388671875000167e-02 -8.767187499999999911e-01 -1.217651367187500000e-01 1.618337634265423208e-01 3.044500460624694621e-02 5.820555970072746610e-02 4.063366599452687966e-01 8.939131787862898415e-01 2.702449041533685481e-01 5.817458513729284464e-01 2.199211327731672816e-04 -1.916463448107242673e+00 -5.387195560336113243e-01 -1.599695172309875568e+00 1.013430584146649039e+03 2.306254706131975354e+02 3.542116089935861964e+02 3.189205882809356041e+01 1.519591028445648995e+01 1.888837297487259903e+01 7.231000000000000227e+01 3.353489875793457031e+01 0.000000000000000000e+00
-3.514042607060185452e-01 -9.001283998842593004e-01 -1.863832826967592726e-01 6.271734978845254493e-02 1.178295196983222262e-03 8.397238346938408135e-03 4.315116501680991701e-01 9.007826771620223161e-01 2.076919989208984574e-01 5.862261417537697472e-01 1.628192581355569681e-03 -5.410456467005941406e+00 2.931346152667646088e+00 -8.581752628087997437e-01 1.791223501846086037e+03 3.126776851171359795e+02 2.905815189826458322e+02 4.266727716913105439e+01 1.792401950969411928e+01 1.706803983368748590e+01 7.212962962962963331e+01 3.348073973479094434e+01 0.000000000000000000e+00
2.377319335937500000e-01 -9.615478515625000000e-01 -1.837768554687500000e-01 4.619152359664440155e-01 5.730167031288146973e-03 3.551013395190238953e-02 7.200220192582079681e-01 9.645229068693742525e-01 2.632186668112355132e-01 6.887998312021601510e-01 1.047694330669886147e-02 -7.662348043918609619e+01 4.503049018979072571e+01 -1.131859774887561798e+01 1.804475629248609766e+04 2.192223514069912653e+03 3.741187317861394604e+03 1.546477094789975695e+02 6.496128509198960899e+01 6.220368134493526213e+01 7.150000000000000000e+01 3.345999908447265625e+01 0.000000000000000000e+00
