0.784370015949
0.781657848325
0.784015594542
0.783891547049
0.781481481481
0.784210526316
0.784051036683
0.781128747795
0.784990253411
0.784370015949
0.780952380952
0.783820662768
0.784370015949
0.782186948854
0.784210526316
0.784688995215
0.781128747795
0.78440545809
0.785007974482
0.780952380952
0.784795321637
0.784688995215
0.780423280423
0.785575048733
0.784210526316
0.781481481481
0.784990253411
0.784370015949
0.781834215168
0.785769980507
0.785007974482
0.782363315697
0.784015594542
0.784210526316
0.781481481481
0.784795321637
0.783732057416
0.781834215168
0.785769980507
0.784370015949
0.782186948854
0.784210526316
0.784529505582
0.782010582011
0.783625730994
