-5.356567382812500444e-01 -3.883056640625000278e-02 3.039575195312499978e-01 4.238023512065411391e-01 4.679548189043999940e-02 1.946064835727214504e-01 8.430483334143118457e-01 2.197801055097348411e-01 5.357206895876914787e-01 5.787897085473673320e-01 7.808292725307823664e-06 8.323167920112610474e-02 -1.634756143391132399e+00 -3.353658616542819215e-02 9.324905543835822073e+02 1.582486547620956344e+03 5.909331462681377616e+02 3.053682173861590599e+01 3.981405499656260361e+01 2.430912786120048352e+01 8.673000000000000398e+01 3.150539993286132656e+01 0.000000000000000000e+00
-8.101562499999999389e-02 -4.035278320312499778e-01 5.109179687499999512e-01 3.708951255321503160e-01 1.819082657992840135e-01 1.357271529197692228e-01 6.143766410161529690e-01 5.871481729709500108e-01 6.298923112019984005e-01 5.787897085473673320e-01 7.808292725307823664e-06 -1.272317082047462478e+01 -2.211280476748943347e+00 -3.353658616542819215e-02 3.862582021252846062e+03 2.244954487858298307e+03 1.208025663560016255e+03 6.343864040929487658e+01 4.743252311658266507e+01 3.496580260437078636e+01 8.406000000000000227e+01 3.207090007781982166e+01 0.000000000000000000e+00
4.686010742187500244e-01 -4.933178710937500266e-01 3.277416992187500155e-01 5.725892494857314219e-01 1.172314055621624523e-01 5.604082733988760556e-02 8.900428170850532839e-01 6.004947356160852401e-01 4.042962388480521585e-01 5.787897085473673320e-01 7.808292725307823664e-06 -1.832561002701520891e+01 -9.605183372199535441e+00 -3.353658616542819215e-02 5.986897512740619277e+03 5.461748690698304017e+03 2.967986623780238915e+03 7.951556763051405596e+01 7.452521880754112260e+01 5.548001305193071175e+01 7.709999999999999432e+01 3.270760021209716939e+01 0.000000000000000000e+00
9.060522460937500133e-01 -2.872924804687500000e-01 2.340673828125000022e-01 3.008924122989178884e-01 8.588403984904288690e-02 3.265702798366547366e-02 1.059161500881922624e+00 4.103912878984274926e-01 2.957102765890270435e-01 5.787897085473673320e-01 7.808292725307823664e-06 -1.467743939340114601e+01 -3.992378324270248413e+00 -3.353658616542819215e-02 6.736297297546507252e+03 1.174483512302308372e+04 6.169449752816773071e+03 8.337700237291738858e+01 1.084471032702450231e+02 7.856493886683266226e+01 8.223000000000000398e+01 3.285850009918213033e+01 0.000000000000000000e+00
8.492260742187499600e-01 -2.782543945312500044e-01 2.245654296875000122e-01 4.018259599864482667e-01 8.078074318766592654e-02 2.765951797962188513e-02 1.059722079188424981e+00 3.977514943574926298e-01 2.794443597397403001e-01 5.787897085473673320e-01 7.808292725307823664e-06 -9.652439243197441954e+00 2.269207643568515564e+00 -3.353658616542819215e-02 6.655077413746957063e+03 1.400320521628534334e+04 9.574943778525032030e+03 8.214771449706056217e+01 1.183568946855862976e+02 9.794398616459437790e+01 8.675000000000000000e+01 3.287630062103271200e+01 0.000000000000000000e+00
9.760375976562499778e-01 -2.323144531249999867e-01 2.290039062500000000e-01 2.592149131000043294e-01 3.005266346931458402e-02 3.361955761909484613e-02 1.100847085265972858e+00 2.898666393362340776e-01 2.933638469492340639e-01 5.787897085473673320e-01 7.808292725307823664e-06 -4.360366152524948191e+00 -1.159908509820699685e+01 -3.353658616542819215e-02 6.899691465746416725e+03 1.510347363912945912e+04 8.777415313299197805e+03 8.317874884085779286e+01 1.234423444942816133e+02 9.408004985858266878e+01 8.701000000000000512e+01 3.291350051879882699e+01 0.000000000000000000e+00
9.422778320312500400e-01 -2.512011718750000178e-01 2.185766601562499911e-01 2.343872919738291816e-01 4.530853590965271127e-02 4.827552949786188125e-02 1.059374723462544132e+00 3.292575962085400598e-01 3.099214188514931578e-01 5.787897085473673320e-01 7.808292725307823664e-06 -5.252439185380935349e+00 -1.331006087779998737e+01 -3.353658616542819215e-02 7.012724497833595706e+03 1.242073606299826861e+04 4.762699000319797051e+03 8.390657075122135211e+01 1.122403393774671940e+02 6.936239217961828274e+01 8.629000000000000625e+01 3.292379970550537394e+01 0.000000000000000000e+00
8.522167968749999600e-01 -2.741381835937499734e-01 1.717602539062499933e-01 2.875649510383604945e-01 9.347207862734795147e-02 6.884600932002064855e-02 1.006895436435306213e+00 4.106383108423135586e-01 3.136041998155639221e-01 5.787897085473673320e-01 7.808292725307823664e-06 -3.043292765617370499e+00 -7.317683014869690084e+00 -3.353658616542819215e-02 7.533437293307652908e+03 9.891140726170388007e+03 4.203689608428584506e+03 8.684871285266642360e+01 9.972306258271703427e+01 6.491987117927892825e+01 8.320000000000000284e+01 3.291980007171630973e+01 0.000000000000000000e+00
6.257836914062500089e-01 -4.198999023437500200e-01 2.085766601562500100e-01 2.211342314422130861e-01 1.654269064605236317e-01 2.449817979991436023e-01 7.827767624758963372e-01 5.845877474330216650e-01 5.371089471988708119e-01 5.787897085473673320e-01 7.808292725307823664e-06 -6.054878110885620224e+00 -7.400609766244888199e+00 -3.353658616542819215e-02 8.969971466328608585e+03 7.660974471614004869e+03 4.637555182994738061e+03 9.490328242619584387e+01 8.783930496381583453e+01 6.812026135415307238e+01 7.742000000000000171e+01 3.298980014801025362e+01 0.000000000000000000e+00
5.291113281249999467e-01 -4.219311523437500044e-01 3.477221679687499956e-01 3.234494771003722513e-01 2.238720045745371812e-01 2.988679836452008409e-01 7.767935856136903849e-01 6.339541796476004798e-01 6.479033027713999582e-01 5.787897085473673320e-01 7.808292725307823664e-06 -1.659878029823303081e+01 -3.370731698274612498e+00 -3.353658616542819215e-02 1.322256611123154835e+04 6.253244960186118988e+03 5.022913062064306359e+03 1.161812619083669773e+02 7.914926905769797827e+01 7.102397717352768325e+01 7.267000000000000171e+01 3.306569957733154297e+01 0.000000000000000000e+00
4.841601562499999734e-01 -4.718945312500000266e-01 4.671093749999999933e-01 3.599976554870603640e-01 1.914963522911071192e-01 1.695573259353637396e-01 7.709790609264851602e-01 6.435688004516412208e-01 6.226945432138091263e-01 5.787897085473673320e-01 7.808292725307823664e-06 -9.898780201077460816e+00 -1.365853677988052350e+00 -3.353658616542819215e-02 1.267089971018374126e+04 5.180917922028765133e+03 8.252975073043096927e+03 1.129994936256485403e+02 7.199155143694595438e+01 9.150777802284612505e+01 7.259999999999999432e+01 3.308849941253662053e+01 0.000000000000000000e+00
3.795800781249999978e-01 -5.796069335937500400e-01 4.667163085937500178e-01 2.438810194969177891e-01 9.201811820864679026e-02 1.289939046561717484e-01 6.228660010036659589e-01 6.541882876348341647e-01 5.889125719184030716e-01 5.787897085473673320e-01 7.808292725307823664e-06 -4.775304980874061300e+00 -4.862806963920593417e-01 -3.353658616542819215e-02 8.945489583842658249e+03 2.915188434903917369e+03 9.386147409982060708e+03 9.470107244114512923e+01 5.399467477279218741e+01 9.701852708397275649e+01 7.487000000000000455e+01 3.310939922332763530e+01 0.000000000000000000e+00
4.535937500000000178e-01 -5.023999023437499822e-01 3.485766601562499956e-01 3.458268829345704787e-01 1.173250437438487781e-01 9.148549539446831913e-02 7.426803975961885351e-01 6.080548541199702894e-01 4.615096785552325609e-01 5.787897085473673320e-01 7.808292725307823664e-06 -6.754878444671630788e+00 1.020060974270105447e+01 -3.353658616542819215e-02 1.016808242433758642e+04 3.958055476798268501e+03 7.515932781755056567e+03 1.010629051983954554e+02 6.373466808512581849e+01 8.727175986533036678e+01 7.703000000000000114e+01 3.299840000152588004e+01 0.000000000000000000e+00
2.734619140624999778e-01 -2.999780273437500089e-01 6.290551757812500311e-01 3.048322325944903266e-01 2.010488203704356991e-01 2.132812856376171129e-01 6.161279502158752974e-01 5.394771888221812084e-01 7.803792025770525109e-01 5.787897085473673320e-01 7.808292725307823664e-06 2.691158500909805351e+00 8.062500168383120780e+00 -3.353658616542819215e-02 5.893310950143166338e+03 2.901051239076340607e+03 5.283923039853344562e+03 7.681505896775827580e+01 5.446150152209832385e+01 7.349624809148947691e+01 7.657999999999999829e+01 3.285140010833740121e+01 0.000000000000000000e+00
5.722167968749999889e-02 -8.571289062499999611e-02 8.956274414062499467e-01 1.045721575975418344e-01 1.590260001182556004e-01 1.221848887145519091e-01 3.283998754929737252e-01 4.078880970775549120e-01 9.614225930954908295e-01 5.787897085473673320e-01 7.808292725307823664e-06 1.922865707576274952e+00 -8.536582618951796264e-02 -3.353658616542819215e-02 3.439258184336054910e+03 8.217063929834916962e+02 1.748601091609278001e+03 5.867670403887241548e+01 2.866554866573763860e+01 4.224861913061983643e+01 7.485999999999999943e+01 3.272510005950928047e+01 0.000000000000000000e+00
1.552246093749999958e-02 -2.089062499999999878e-01 7.955175781250000133e-01 6.820422909259794830e-02 1.721902464389801768e-01 8.880199589729312337e-02 2.616202895154620123e-01 4.645773000567748334e-01 8.494999782243426445e-01 5.787897085473673320e-01 7.808292725307823664e-06 4.425609509944916198e+00 2.935670825242996163e+00 -3.353658616542819215e-02 3.308667103330606096e+03 4.081014105720935845e+02 9.288693634008677691e+02 5.769101422981851357e+01 2.041371043603480473e+01 3.132175552170083677e+01 7.304000000000000625e+01 3.248969959259033402e+01 0.000000000000000000e+00
1.933349609374999944e-02 -2.997778320312500244e-01 7.902905273437500488e-01 7.930719935297965428e-02 1.553608201682567802e-01 9.599177176356316066e-02 2.822782021768360239e-01 4.952045726218742283e-01 8.488526900309768530e-01 5.787897085473673320e-01 7.808292725307823664e-06 3.443902333080768763e+00 4.677134328782558192e+00 -3.353658616542819215e-02 2.506816885296917008e+03 8.253109013472644619e+02 1.403387321936803346e+03 5.018642593945813246e+01 2.910646812783613413e+01 3.776768543501989939e+01 7.331000000000000227e+01 3.215559951782226733e+01 0.000000000000000000e+00
6.811523437500000000e-02 -1.431005859374999967e-01 9.126293945312500266e-01 4.834061503410339022e-02 9.812746646404266193e-02 6.785179454684256428e-02 2.301744994304637804e-01 3.443911209071721657e-01 9.490754481648540075e-01 5.787897085473673320e-01 7.808292725307823664e-06 -1.803048905432224291e+00 3.247866013646125705e+00 -3.353658616542819215e-02 1.933273482505273478e+03 7.229990009329360419e+02 8.557849328612736599e+02 4.400595945847170753e+01 2.708408452533579336e+01 2.925590299575175379e+01 7.445999999999999375e+01 3.180400026321411033e+01 0.000000000000000000e+00
3.260009765625000028e-02 -1.714599609375000097e-02 9.910595703125000266e-01 3.074093276858328241e-02 1.213260037302972029e-02 9.074846243858337297e-03 1.783359165613599417e-01 1.114745960076850839e-01 9.956273992573002607e-01 5.787897085473673320e-01 7.808292725307823664e-06 4.798780095577239724e-01 -1.829268276691436712e-01 -3.353658616542819215e-02 1.145682234673408004e+02 2.232584504385017965e+02 3.441862740469276218e+02 1.071440648712740362e+01 1.494295528544413543e+01 1.874924026018670631e+01 7.134000000000000341e+01 3.153499967575073271e+01 0.000000000000000000e+00
-8.469238281249999445e-03 -5.388427734375000194e-02 9.726098632812499867e-01 2.699386202692986153e-02 1.123788749575615163e-02 6.948688858747483453e-03 1.645162302752966876e-01 1.189176304868807821e-01 9.761755144494863590e-01 5.787897085473673320e-01 7.808292725307823664e-06 3.285061050355434276e+00 -2.042682941257953466e+00 -3.353658616542819215e-02 2.869115245912549881e+02 2.378730805907939896e+02 2.414735732910498598e+02 1.725407635012136254e+01 1.555781585536029610e+01 1.588868370311518774e+01 7.118000000000000682e+01 3.137669956207275490e+01 0.000000000000000000e+00
1.244628906249999924e-02 -1.191381835937500022e-01 9.540258789062500133e-01 3.418156025409699317e-02 1.479941903948784297e-02 1.460656129717826865e-02 1.853010263477358477e-01 1.702742664923443949e-01 9.616506324648370629e-01 5.787897085473673320e-01 7.808292725307823664e-06 1.241768389046192134e+00 -1.668902565240860003e+00 -3.353658616542819215e-02 4.384510756038518480e+02 6.031603101954469821e+02 4.529177138591114726e+02 2.097601164034493593e+01 2.461596120340854199e+01 2.128746726897457009e+01 7.312999999999999545e+01 3.129510013580322436e+01 0.000000000000000000e+00
-2.421630859374999944e-02 -2.390722656250000022e-01 8.806176757812500533e-01 6.274309956431391166e-02 6.975395693778992101e-02 7.179736792445182147e-02 2.516535896152121698e-01 3.562436036322062516e-01 9.204807759116007126e-01 5.787897085473673320e-01 7.808292725307823664e-06 -2.760365874767303662e+00 1.587195019125938522e+00 -3.353658616542819215e-02 1.141255624839768643e+03 8.487283259179118886e+02 2.019218534159175078e+03 3.389506224514639854e+01 2.917614631761107091e+01 4.496748189482905644e+01 7.271999999999999886e+01 3.120010017395019375e+01 0.000000000000000000e+00
1.511108398437500111e-01 -3.622509765624999933e-01 6.742993164062499600e-01 1.673974733054637842e-01 1.127488071680069343e-01 1.726867535769939233e-01 4.361558886725562245e-01 4.939378272500414835e-01 7.920645943879387474e-01 5.787897085473673320e-01 7.808292725307823664e-06 -1.882317131161689749e+00 3.860975742936134214e+00 -3.353658616542819215e-02 2.080203992593191742e+03 7.005838397635052388e+02 2.615270175817453492e+03 4.564807893411787632e+01 2.674866302174832811e+01 5.119206683436949845e+01 7.228000000000000114e+01 3.122989978790283061e+01 0.000000000000000000e+00
4.425610351562500044e-01 -2.768725585937499845e-01 5.409057617187500444e-01 1.998812483012676888e-01 1.040717700183391714e-01 1.914355747401714214e-01 6.290798980573446553e-01 4.251237275436278162e-01 6.957115909633190265e-01 5.787897085473673320e-01 7.808292725307823664e-06 4.723170823752879777e+00 5.271341899037360612e-01 -3.353658616542819215e-02 2.683657971125630411e+03 1.067354330236029455e+03 1.700937124907425414e+03 5.201890342708099979e+01 3.267464155411952476e+01 4.124242181637472271e+01 7.287999999999999545e+01 3.136279960632324304e+01 0.000000000000000000e+00
3.377050781250000022e-01 -7.510986328124999445e-02 6.821264648437499467e-01 1.886369527816773306e-01 1.070015244185924530e-01 1.667861705958844087e-01 5.501651320949825230e-01 3.356233245481018423e-01 7.950362788175870943e-01 5.787897085473673320e-01 7.808292725307823664e-06 5.771646413207053961e+00 -9.021341931819916171e-01 -3.353658616542819215e-02 1.763112969715992222e+03 8.556481756457901611e+02 8.983706894672673116e+02 4.238425264216744637e+01 2.926537240064266143e+01 3.013685298723781614e+01 7.292000000000000171e+01 3.140550003051757955e+01 0.000000000000000000e+00
-1.782958984375000028e-02 -3.473999023437500111e-01 5.301855468749999689e-01 9.641691738963123481e-02 2.425537697970866768e-01 2.719026357173919273e-01 3.110222044543244913e-01 6.026943354184887136e-01 7.436392605507960996e-01 5.787897085473673320e-01 7.808292725307823664e-06 6.215853675007820378e+00 1.291768370866775539e+00 -3.353658616542819215e-02 1.663915549431276986e+03 3.611929372217226160e+02 5.682998773233445036e+02 4.126199687776131952e+01 1.904892655100791288e+01 2.389796342493399095e+01 7.087000000000000455e+01 3.127870002746582045e+01 0.000000000000000000e+00
-1.367456054687500033e-01 -6.758789062500000222e-01 4.659179687500000222e-01 3.436137782931326934e-02 6.311707973480222555e-02 2.135603868961335750e-01 2.303491663634325004e-01 7.210612842529395827e-01 6.562316210761710567e-01 5.787897085473673320e-01 7.808292725307823664e-06 3.653658604025840972e+00 5.658536803722381547e-01 -3.353658616542819215e-02 2.066027084151612144e+03 3.808982610761967180e+02 5.697933453646542148e+02 4.560017878634232602e+01 1.952481629782434780e+01 2.391980878163209567e+01 7.026999999999999602e+01 3.111639984130859204e+01 0.000000000000000000e+00
-3.152832031249999667e-02 -5.400415039062500533e-01 6.766625976562500311e-01 1.028544247388839677e-01 7.105990945696832872e-02 1.022406779468059551e-01 3.222552710517107566e-01 6.022497284335565082e-01 7.484069407840295840e-01 5.787897085473673320e-01 7.808292725307823664e-06 -1.097378044545650511e+01 -2.252134206593036758e+00 -3.353658616542819215e-02 5.380314250854798956e+03 7.885566366631595656e+02 6.919047145839094810e+02 7.416696102793939360e+01 2.817141716612186642e+01 2.630682462705279079e+01 7.059000000000000341e+01 3.114049995422363182e+01 0.000000000000000000e+00
6.679687500000000555e-02 -3.197729492187499911e-01 6.942089843750000044e-01 1.729887890815735296e-01 1.046503690421580895e-01 1.544081228733062694e-01 4.212488713235195692e-01 4.548682315728538317e-01 7.977056078907025505e-01 5.787897085473673320e-01 7.808292725307823664e-06 -4.294207297861576400e+00 2.135060997009277539e+00 -3.353658616542819215e-02 7.004738402202289762e+03 1.206284720407062196e+03 1.206633080102891654e+03 8.380440691586152013e+01 3.479717238322695039e+01 3.474575837874701278e+01 7.162999999999999545e+01 3.123730007171630874e+01 0.000000000000000000e+00
-2.120751953124999922e-01 -4.972924804687500200e-01 4.150878906250000111e-01 1.887795605897904239e-01 1.357481254279612470e-01 2.091251075267791526e-01 4.834826253927077544e-01 6.189086657647664413e-01 6.175945793724967325e-01 5.787897085473673320e-01 7.808292725307823664e-06 -4.573494493961360527e-03 1.915243793725967425e+00 -3.353658616542819215e-02 3.322932936520559451e+03 8.962899045253216173e+02 9.014275022956519479e+02 5.764488665473643891e+01 2.999930104710320578e+01 3.004170282249583579e+01 7.390999999999999659e+01 3.119850036621093636e+01 0.000000000000000000e+00
-1.888696289062500033e-01 -4.172363281250000000e-01 4.908764648437500266e-01 1.744529186427593304e-01 1.827763986587524481e-01 2.049217816054821339e-01 4.583935594725823681e-01 5.973797386637624829e-01 6.677435775377996707e-01 5.787897085473673320e-01 7.808292725307823664e-06 -4.717378431260585536e+00 -5.886280722022056544e+00 -3.353658616542819215e-02 2.014736194739426764e+03 1.075077109582619414e+03 9.658585765619421863e+02 4.513302398469605947e+01 3.331254133687593821e+01 3.117702455950315965e+01 7.540000000000000568e+01 3.122850036621093750e+01 0.000000000000000000e+00
1.243164062499999972e-01 1.240234374999999931e-02 9.136987304687500533e-01 7.453616142272956324e-02 5.346743941307072895e-02 2.779202401041984405e-02 2.999845500782407637e-01 2.315626428065715448e-01 9.287827485858172194e-01 5.787897085473673320e-01 7.808292725307823664e-06 1.942072382569313138e-01 -3.480792770683765358e+00 -3.353658616542819215e-02 1.045495207867334784e+03 1.002289039097736236e+03 8.364943562744592782e+02 3.233470154986320466e+01 3.184972460493465363e+01 2.905547081287738109e+01 7.382999999999999829e+01 3.134000022888183423e+01 0.000000000000000000e+00
6.000244140625000250e-02 9.916015625000000611e-02 9.666479492187499689e-01 3.203562123179435478e-02 1.157428469657897745e-02 6.267565363645553889e-03 1.887747711070121293e-01 1.463113846701731835e-01 9.698844380092200845e-01 5.787897085473673320e-01 7.808292725307823664e-06 7.332317230105399597e-01 2.384451251029968244e+00 -3.353658616542819215e-02 2.957368409173774921e+02 3.196722381242185520e+02 2.358327858190317841e+02 1.721262529880338832e+01 1.803767850619244228e+01 1.535918096792889642e+01 6.887000000000000455e+01 3.131140020370483512e+01 0.000000000000000000e+00
1.170166015624999993e-02 7.138183593749999889e-02 9.795117187499999822e-01 1.064947635531425171e-02 1.224869582653045387e-02 5.477499580383300704e-03 1.038576198732024808e-01 1.316968577010804164e-01 9.823037751881860125e-01 5.787897085473673320e-01 7.808292725307823664e-06 5.067073813080787970e-01 7.557926914095878246e-01 -3.353658616542819215e-02 1.444344191911060307e+02 1.419393318008173708e+02 2.684057649551216400e+02 1.202876434058702770e+01 1.193777845301232787e+01 1.666894992652045104e+01 6.751999999999999602e+01 3.129169979095458842e+01 0.000000000000000000e+00
-5.642822265624999889e-02 -2.430468749999999956e-01 5.968896484375000311e-01 1.111854048430919867e-01 1.574753647804260359e-01 3.386896896600722906e-01 3.381856726049098927e-01 4.653462670181116034e-01 8.336467729631745760e-01 5.787897085473673320e-01 7.808292725307823664e-06 -6.268293300271033930e-01 9.646341633796692294e-01 -3.353658616542819215e-02 1.199915042903255426e+03 6.449465878529022120e+02 4.896286112783311069e+02 3.464546085582117740e+01 2.541411235754775078e+01 2.228010069757651479e+01 7.165999999999999659e+01 3.117129938125610522e+01 0.000000000000000000e+00
-8.629638671875000666e-02 -5.338134765625000000e-01 4.694213867187500000e-01 1.191165679156780954e-01 8.815023362636566218e-02 3.022372810542583443e-01 3.557578309417658846e-01 6.108249023952022627e-01 7.229064388724260048e-01 5.787897085473673320e-01 7.808292725307823664e-06 4.006707347631454752e+00 1.131707236766815283e+00 -3.353658616542819215e-02 1.770687814409689054e+03 9.384935669360379507e+02 5.972199936125122122e+02 4.226986536741338085e+01 3.065573891143040086e+01 2.443836678743354796e+01 7.340999999999999659e+01 3.094129974365234403e+01 0.000000000000000000e+00
-5.843750000000000333e-02 -6.775122070312500355e-01 3.204345703125000000e-01 9.861613335609434317e-02 4.508243214488030781e-02 3.244640964269638328e-01 3.194230341762227532e-01 7.100036780335969855e-01 6.535613286282476730e-01 5.787897085473673320e-01 7.808292725307823664e-06 2.976524414420127940e+00 -9.643294063210486877e-01 -3.353658616542819215e-02 1.434406426377698608e+03 4.749572898032355965e+02 5.022077977215388955e+02 3.799034250921329914e+01 2.181483946782858041e+01 2.241578324106827935e+01 7.323999999999999488e+01 3.078989990234374829e+01 0.000000000000000000e+00
-2.194189453125000022e-01 -7.363354492187500488e-01 1.270312500000000122e-01 1.214274640321730964e-01 5.938714677691458305e-02 2.724238096237182050e-01 4.117913762989980353e-01 7.756139765070592107e-01 5.371785067370815625e-01 5.787897085473673320e-01 7.808292725307823664e-06 2.544207245409488838e+00 1.471951211690902817e+00 -3.353658616542819215e-02 3.490027741616647745e+03 2.332481730748060329e+02 4.529332072774291191e+02 5.913121622395603083e+01 1.534323347421931771e+01 2.129647837689501699e+01 7.490999999999999659e+01 3.072880012512207060e+01 0.000000000000000000e+00
-7.123291015624999556e-02 -6.087158203125000444e-01 2.341381835937499933e-01 3.086013565719128438e-01 1.061754876375198414e-01 2.247167330443859967e-01 5.600673924281265315e-01 6.904422043417099975e-01 5.287129864689976699e-01 5.787897085473673320e-01 7.808292725307823664e-06 -2.073170672655105573e+00 4.710366112589835730e+00 -3.353658616542819215e-02 6.222062618421622574e+03 2.981989116435103369e+03 2.457574291847109180e+03 7.890729152023641291e+01 5.481037005302680853e+01 4.969816561665707155e+01 7.581999999999999318e+01 3.078300014495849624e+01 0.000000000000000000e+00
2.064086914062500111e-01 -2.189257812500000067e-01 5.456665039062500444e-01 2.175807134807109244e-01 1.783296586036682008e-01 2.756061343848704159e-01 5.100835827281167134e-01 4.756660133955242786e-01 7.572041124228923170e-01 5.787897085473673320e-01 7.808292725307823664e-06 -7.302134119570255599e+00 1.817988070547580826e+00 -3.353658616542819215e-02 3.515489284700413009e+03 3.016641188017150398e+03 2.302901319955125928e+03 5.973952165359716560e+01 5.495403778287638374e+01 4.803637909612991308e+01 7.284999999999999432e+01 3.082379951477050639e+01 0.000000000000000000e+00
1.316528320312500000e-01 1.975341796874999917e-02 9.187866210937499778e-01 4.467540070414543346e-02 5.569123875498773607e-02 5.500848695635794650e-02 2.490137925617654513e-01 2.368151943529719083e-01 9.482496201197383456e-01 5.787897085473673320e-01 7.808292725307823664e-06 8.762195006012916121e-01 -1.908231664896011370e+00 -3.353658616542819215e-02 4.447622385637307616e+02 5.177016202187516001e+02 5.001542104837139959e+02 2.110758155680002091e+01 2.283293604216643757e+01 2.239808740274722609e+01 6.909999999999999432e+01 3.078499946594238423e+01 0.000000000000000000e+00
3.752441406249999809e-03 -3.959228515624999695e-02 9.036743164062499556e-01 5.136757451891899029e-02 8.256328827738759757e-02 6.173686310648920234e-02 2.266752199412770674e-01 2.900531629223881414e-01 9.372108264626440866e-01 5.787897085473673320e-01 7.808292725307823664e-06 4.572560955286025575e+00 2.367987881600856603e+00 -3.353658616542819215e-02 9.983091108124405082e+02 6.292380029814770523e+02 1.202226463072361412e+03 3.192518479981355739e+01 2.519613798955875339e+01 3.467378305677832628e+01 6.968000000000000682e+01 3.084499969482421733e+01 0.000000000000000000e+00
-3.207104492187500266e-01 -3.229858398437500111e-01 5.191333007812499734e-01 1.305580361545085610e-01 1.482060305774210440e-01 2.481125457942485457e-01 4.831285837047948895e-01 5.025195352590720033e-01 7.194525208617205125e-01 5.787897085473673320e-01 7.808292725307823664e-06 5.796951216161250642e+00 2.445426850318908496e+00 -3.353658616542819215e-02 1.773422150140553185e+03 4.927028973632059206e+02 1.150704092038745785e+03 4.250913776522769894e+01 2.233121156237311311e+01 3.403383384748728702e+01 7.195000000000000284e+01 3.072679977416992259e+01 0.000000000000000000e+00
-4.729736328124999889e-01 -5.289086914062499645e-01 1.812841796874999911e-01 3.160322088003159058e-01 7.892074357867240320e-02 9.462481310367590326e-02 7.346674527540807409e-01 5.988865897845302433e-01 3.570556916065694697e-01 5.787897085473673320e-01 7.808292725307823664e-06 4.012500088214874694e+00 -2.539024518430232913e+00 -3.353658616542819215e-02 2.789097703898741202e+03 5.070396727233321599e+02 8.351296729233156384e+02 5.296411861682081934e+01 2.266023649983649335e+01 2.902892979314495037e+01 7.423000000000000398e+01 3.047350015640258647e+01 0.000000000000000000e+00
-5.394189453125000089e-01 -5.244287109374999867e-01 1.031347656249999994e-01 2.876655428647995616e-01 6.752969124317169392e-02 9.973189153671260798e-02 7.606828126274770563e-01 5.852821235086029805e-01 3.322178071946720879e-01 5.787897085473673320e-01 7.808292725307823664e-06 1.871036654114723197e+00 -1.542073224186897296e+00 -3.353658616542819215e-02 2.153725115810771968e+03 3.761834452977158776e+02 5.191313591229535405e+02 4.644594593688250939e+01 1.945665529135133198e+01 2.279743491808321565e+01 8.012999999999999545e+01 3.035920038223266459e+01 0.000000000000000000e+00
-4.559033203125000266e-01 -7.128735351562499600e-01 2.334960937500000014e-02 8.087182018756866597e-02 1.702385336756706558e-02 1.858981925487518394e-01 5.373263976946699438e-01 7.247154824437906928e-01 4.317909179298667355e-01 5.787897085473673320e-01 7.808292725307823664e-06 -2.102439183592796468e+00 -1.562500013411045163e+00 -3.353658616542819215e-02 7.734525580325921510e+02 5.650135149889620152e+02 1.599271476591474936e+02 2.789037125162192510e+01 2.382131233330505893e+01 1.270976140554907907e+01 8.435999999999999943e+01 3.031729999542236342e+01 0.000000000000000000e+00
-9.958007812499999889e-02 -7.255444335937499822e-01 4.174365234374999845e-01 3.778983983993529361e-02 1.813754565119744117e-02 2.375600545167921851e-01 2.184171050978297446e-01 7.379378502083172586e-01 6.417268154100923550e-01 5.787897085473673320e-01 7.808292725307823664e-06 -1.063719573318958389e+00 -1.857317130565643293e+00 -3.353658616542819215e-02 5.132374270629882176e+02 5.078353324056063798e+02 2.141799369425385464e+02 2.267970296087782245e+01 2.261161116172615948e+01 1.527728151909441756e+01 7.931999999999999318e+01 3.034239973068237362e+01 0.000000000000000000e+00
8.000488281250000763e-03 -6.538232421874999867e-01 7.246899414062499822e-01 1.536990506052971633e-02 1.371738650798797789e-02 1.175286776423454214e-02 1.242333001786080221e-01 6.642305462206343769e-01 7.327539689006321577e-01 5.787897085473673320e-01 7.808292725307823664e-06 5.487945079803466936e-03 -1.293902519643306714e+00 -3.353658616542819215e-02 4.787869463125428524e+02 1.933463137966867293e+02 3.799867047221764551e+02 2.188120143936534134e+01 1.396497395368233718e+01 1.960084068275658709e+01 7.334000000000000341e+01 3.029980018615722770e+01 0.000000000000000000e+00
2.267822265625000014e-02 -6.442578125000000266e-01 7.202197265624999956e-01 1.393675314784049643e-02 2.048697385787963399e-02 2.606297132968902336e-02 1.202125406548208292e-01 6.599659861122880722e-01 7.380917462344713798e-01 5.787897085473673320e-01 7.808292725307823664e-06 -6.193597522974013891e+00 8.219511678814888089e-01 -3.353658616542819215e-02 1.767028856533760745e+03 4.573927299033508689e+02 5.397440733447130015e+02 4.248987534472593808e+01 2.140253100980658729e+01 2.348465585566178504e+01 7.339000000000000057e+01 3.009470022201537986e+01 0.000000000000000000e+00
-3.001953124999999847e-02 -6.536230468749999467e-01 7.420922851562500311e-01 2.235259881019592901e-02 2.432258977890014787e-02 2.976639258265495122e-02 1.524918721331259830e-01 6.719714853958154155e-01 7.618840805995883425e-01 5.787897085473673320e-01 7.808292725307823664e-06 -5.747256154417991425e+00 -1.362195225954055733e+00 -3.353658616542819215e-02 1.703418301168675271e+03 5.979952450255876784e+02 5.815017458157280998e+02 4.167072418944947998e+01 2.449185213207035972e+01 2.440446617675107532e+01 7.293000000000000682e+01 2.976709995269775533e+01 0.000000000000000000e+00
-1.741088867187499944e-01 -7.279150390624999911e-01 4.732055664062500000e-01 7.354414865374563071e-02 2.380984356403350113e-02 1.862727372348308430e-01 3.222701554413442415e-01 7.440901475341509252e-01 6.404656472541604417e-01 5.787897085473673320e-01 7.808292725307823664e-06 3.814329523444175862e+00 2.151829241812229121e+00 -3.353658616542819215e-02 3.454479707493810565e+03 8.604217114878473467e+02 9.948366783781292497e+02 5.889846192564985472e+01 2.941176772269503203e+01 3.156242492883433925e+01 7.275000000000000000e+01 2.945259979248046989e+01 0.000000000000000000e+00
-1.108520507812500028e-01 -6.209838867187500444e-01 3.560034179687500133e-01 1.481185440719126889e-01 1.315363256633281519e-01 2.682199462592600447e-01 4.005080788627385369e-01 7.191365052809191027e-01 6.284571424247581417e-01 5.787897085473673320e-01 7.808292725307823664e-06 3.015244244933128481e+00 8.666768457889556743e+00 -3.353658616542819215e-02 6.063471488565568507e+03 7.506358519208433790e+02 1.980515398176293047e+03 7.792665260629492252e+01 2.873584394834285405e+01 4.503906621385137043e+01 7.509000000000000341e+01 2.931699939727783288e+01 0.000000000000000000e+00
3.022949218749999833e-02 -2.035083007812500122e-01 7.440747070312500044e-01 8.465934202671045183e-02 1.797218397319315653e-01 2.195013819396496868e-01 2.925289117756134649e-01 4.702525579077729834e-01 8.792886622624507265e-01 5.787897085473673320e-01 7.808292725307823664e-06 -2.889939016103744596e+00 2.232621991336345868e+00 -3.353658616542819215e-02 2.816040527855062464e+03 5.754836430599503956e+02 1.571914574617501330e+03 5.314501176377571312e+01 2.409290858356767728e+01 4.051398201817474387e+01 7.459000000000000341e+01 2.936689962387085018e+01 0.000000000000000000e+00
8.296386718749999833e-02 4.912109374999999722e-02 9.664184570312499556e-01 2.800805256366731277e-02 2.596139788627624401e-02 2.938389465212822016e-02 1.867914768461677866e-01 1.684466673385749402e-01 9.815031985392560498e-01 5.787897085473673320e-01 7.808292725307823664e-06 -5.588415241241455611e-01 -2.120731769800185962e+00 -3.353658616542819215e-02 1.319565104718348891e+02 4.559824430313576045e+02 4.100244515626509383e+02 1.150081798486177753e+01 2.145879647768713028e+01 2.027532667425769120e+01 7.393000000000000682e+01 2.941139987945556555e+01 0.000000000000000000e+00
1.223193359374999956e-01 -1.872265624999999989e-01 8.110229492187499556e-01 1.172570335626602067e-01 1.558026424407959465e-01 8.039625331759453486e-02 3.636193799934915316e-01 4.368711802652611720e-01 8.591591688837835195e-01 5.787897085473673320e-01 7.808292725307823664e-06 1.944512159228324988e+00 -4.641768451631069325e+00 -3.353658616542819215e-02 7.623832400033686554e+02 2.003838873977549156e+03 5.883984096803899320e+02 2.767967426724446867e+01 4.500427633387861448e+01 2.433205853553931775e+01 7.329000000000000625e+01 2.936749986648559485e+01 0.000000000000000000e+00
-6.771240234375000555e-02 -5.836303710937500444e-01 4.776074218749999933e-01 1.677042369544504974e-01 1.420305697619914653e-01 1.722568119525909325e-01 4.150773498826604291e-01 6.947337474349578601e-01 6.327445467032293269e-01 5.787897085473673320e-01 7.808292725307823664e-06 1.073475547730922797e+00 -3.928353839814663129e+00 -3.353658616542819215e-02 9.895223549134190080e+02 2.164683360375081520e+03 1.309993381709810137e+03 3.147498537990120582e+01 4.669170509058187690e+01 3.619524906842735135e+01 7.137000000000000455e+01 2.919580009460449332e+01 0.000000000000000000e+00
-1.773217773437499867e-01 -7.993701171874999512e-01 2.004663085937500033e-01 8.776466214060781035e-02 4.587628552913665392e-02 1.707169877231121125e-01 3.452646446726833074e-01 8.275680454086504767e-01 4.592425596613588512e-01 5.787897085473673320e-01 7.808292725307823664e-06 -4.434451470971107589e+00 4.768292149901390276e-01 -3.353658616542819215e-02 1.318356312546184881e+03 9.007033606934693353e+02 1.098149406403601688e+03 3.657896488959990222e+01 3.001550810487368182e+01 3.313896321913914278e+01 7.246999999999999886e+01 2.906440015792846765e+01 0.000000000000000000e+00
5.077392578124999972e-02 -4.783227539062500089e-01 4.648828125000000200e-01 1.418883937060833045e-01 2.070107177436351642e-01 2.431626221179962188e-01 3.800873389700361593e-01 6.601540537238972384e-01 6.777010044819959944e-01 5.787897085473673320e-01 7.808292725307823664e-06 -3.386280682086944438e+00 9.137195226550102189e-01 -3.353658616542819215e-02 1.876106814547333443e+03 1.556156179033024273e+03 9.658336477327513876e+02 4.344621630712169491e+01 3.945872606153302087e+01 3.109596946619140923e+01 7.585999999999999943e+01 2.938850013732910327e+01 0.000000000000000000e+00
2.702685546874999956e-01 -1.405468749999999878e-01 8.208666992187499956e-01 1.022515082120895730e-01 7.648510084152222721e-02 6.823652727007865904e-02 4.186843678297049731e-01 3.102233468225559787e-01 8.614282704650251254e-01 5.787897085473673320e-01 7.808292725307823664e-06 1.350609681010246366e-01 -1.682012271583080310e+00 -3.353658616542819215e-02 9.252186803402817077e+02 1.039206403405857827e+03 8.459311670323052113e+02 3.041770737260430479e+01 3.228057571803224590e+01 2.927977690237100106e+01 7.620999999999999375e+01 2.978750036239624066e+01 0.000000000000000000e+00
3.596679687500000111e-01 -3.441796874999999978e-01 6.302929687499999600e-01 1.492605376243591186e-01 1.049159909725188716e-01 2.092479930877685357e-01 5.278461758591324049e-01 4.726263304769599549e-01 7.787921542641894623e-01 5.787897085473673320e-01 7.808292725307823664e-06 8.357317398786545226e+00 7.457317256927490368e-01 -3.353658616542819215e-02 4.480023112096378100e+03 2.361694711614545668e+03 4.495797835159197348e+03 6.745270836816293070e+01 4.860299195956201856e+01 6.711730106819931052e+01 7.981000000000000227e+01 2.987240030288696246e+01 0.000000000000000000e+00
9.034179687500000500e-02 -6.489160156250000089e-01 2.766699218750000022e-01 3.001562963962555730e-01 9.237631430625911633e-02 2.346683038711547264e-01 5.552638441847796980e-01 7.165670308079240547e-01 5.578660677451832139e-01 5.787897085473673320e-01 7.808292725307823664e-06 6.409451487660407842e+00 -1.860060954391956400e+00 -3.353658616542819215e-02 5.781987657333889729e+03 3.138764148771551390e+03 5.099074186891842146e+03 7.630903436492012304e+01 5.605554366452620485e+01 7.141912941852191921e+01 8.565000000000000568e+01 2.974500005722045870e+01 0.000000000000000000e+00
-2.193603515624999861e-02 -7.308276367187499512e-01 1.358544921875000089e-01 2.608985786139965679e-01 8.098871762156489851e-02 1.712704067468643343e-01 5.112531352005312835e-01 7.842816791264972665e-01 4.355764568871782205e-01 5.787897085473673320e-01 7.808292725307823664e-06 3.963414505124092102e+00 -2.027743939161300801e+00 -3.353658616542819215e-02 3.861785780364730272e+03 1.486855710583854489e+03 1.073429786238919405e+03 6.226953054989380831e+01 3.861304774382176674e+01 3.303523595123392198e+01 8.412999999999999545e+01 2.969800010681152358e+01 0.000000000000000000e+00
5.561865234374999689e-01 -4.528417968749999800e-01 1.819580078124999889e-01 2.966763305902482828e-01 1.244431373119354589e-01 1.316668254137038918e-01 7.784727223504628313e-01 5.740285971176994906e-01 4.059255375321904058e-01 5.787897085473673320e-01 7.808292725307823664e-06 7.435060873627662659e+00 4.676829779148101718e-01 -3.353658616542819215e-02 3.376654093746370108e+03 9.461225680654085863e+02 5.811413452460853932e+02 5.858271267140946037e+01 3.076266073396838507e+01 2.425594561924491899e+01 8.051999999999999602e+01 3.000660030364990405e+01 0.000000000000000000e+00
9.792700195312500355e-01 -1.926245117187500022e-01 1.432861328124999944e-01 3.546953451037406641e-02 5.590710222125053891e-02 5.475008308887478053e-02 9.972157768823700641e-01 3.049775479213795992e-01 2.743738306494192813e-01 5.787897085473673320e-01 7.808292725307823664e-06 2.200304903984069860e+00 -2.277439391613006459e-01 -3.353658616542819215e-02 1.532038029019172882e+03 6.104988418473444654e+02 6.672788529981738748e+02 3.920305307867830891e+01 2.470932433615231361e+01 2.598049745800570776e+01 7.715999999999999659e+01 3.036420021057129048e+01 0.000000000000000000e+00
1.004768066406249938e+00 -1.325927734375000056e-01 8.298095703124999667e-02 3.869259411692618778e-02 6.103377163410184797e-02 8.018761503100396704e-02 1.023841521616837280e+00 2.803829795154300641e-01 2.950821144373648730e-01 5.787897085473673320e-01 7.808292725307823664e-06 2.703658648729324376e+00 -3.692378298044204588e+00 -3.353658616542819215e-02 1.973065780331293126e+03 8.482366679653151778e+02 8.150743154280587532e+02 4.450141065651897776e+01 2.935762806258678026e+01 2.868176291898164010e+01 7.390999999999999659e+01 3.057900039672851733e+01 0.000000000000000000e+00
9.837304687500000311e-01 -7.730468749999999667e-02 2.573974609375000167e-02 2.735162200927733836e-02 6.560899915695189710e-02 7.683988005518915809e-02 9.975355919246049474e-01 2.675537588344154560e-01 2.783925548288959662e-01 5.787897085473673320e-01 7.808292725307823664e-06 6.715548727512359761e+00 -2.585670927762985016e+00 -3.353658616542819215e-02 3.364872572502234107e+03 8.350537794353575691e+02 7.549763907653499473e+02 5.839495840578899077e+01 2.901274674314784008e+01 2.757543693661181550e+01 7.345999999999999375e+01 3.071330057144164982e+01 0.000000000000000000e+00
9.732885742187500355e-01 -7.571533203124999889e-02 -8.414062499999999667e-02 1.664917599558829453e-02 6.496290642619131916e-02 4.685825290679931227e-02 9.818043719093715316e-01 2.658866636948791773e-01 2.322453394197393495e-01 5.787897085473673320e-01 7.808292725307823664e-06 3.877743788361549537e+00 2.993292813897133087e+00 -3.353658616542819215e-02 3.302750722270916867e+03 5.412420818355388974e+02 7.715160197795717067e+02 5.760023974914595613e+01 2.345638257927395642e+01 2.779263797489572241e+01 7.368999999999999773e+01 3.084909978866577163e+01 0.000000000000000000e+00
9.777197265624999467e-01 -8.441894531249999334e-02 -5.463867187500000278e-02 1.903528048992157024e-02 6.159066865444182137e-02 7.314393877983092762e-02 9.874062710958297906e-01 2.621397088998854707e-01 2.759154277022125012e-01 5.787897085473673320e-01 7.808292725307823664e-06 -3.048780761361121971e+00 -1.002743869423866174e+00 -3.353658616542819215e-02 3.700397085313989464e+03 7.496109728775824124e+02 7.671154144566203286e+02 6.090724217566278043e+01 2.739738068037251395e+01 2.769685170567916899e+01 7.510999999999999943e+01 3.097569967269897617e+01 0.000000000000000000e+00
7.022973632812500311e-01 -2.604467773437499911e-01 -1.702148437499999972e-02 2.773074899852276953e-01 1.388731805026531541e-01 1.322424829959869541e-01 8.777978562613510949e-01 4.546489902456597454e-01 3.640497410056973138e-01 5.787897085473673320e-01 7.808292725307823664e-06 8.070120695233344854e-01 -8.853658688068389848e-01 -3.353658616542819215e-02 4.828317152469678149e+03 9.996072098581048522e+02 1.353331141557133833e+03 6.949077939518328151e+01 3.162895955575764262e+01 3.703616094169245798e+01 7.765999999999999659e+01 3.097099992752075082e+01 0.000000000000000000e+00
7.084570312500000355e-01 -2.802856445312499889e-01 -2.758544921874999875e-02 2.865994307041169198e-01 1.415771572291850411e-01 1.234579950511455748e-01 8.879813037624610939e-01 4.691878086219667954e-01 3.524470911495025671e-01 5.787897085473673320e-01 7.808292725307823664e-06 2.293597607314586728e+00 2.294817328751087349e+00 -3.353658616542819215e-02 3.985399421343232916e+03 2.003935365238733084e+03 1.366512386964510142e+03 6.317167095563887358e+01 4.482411797025201849e+01 3.740528700185247857e+01 7.973999999999999488e+01 3.094569965362548913e+01 0.000000000000000000e+00
9.904516601562499689e-01 -1.250000000000000000e-01 -2.172851562500000033e-04 3.538869130015373510e-02 9.658770680427551658e-02 5.942730414271351486e-02 1.008158312174444848e+00 3.349816514441880666e-01 2.437772576668149338e-01 5.787897085473673320e-01 7.808292725307823664e-06 2.049999918341636640e+00 -1.359754377603530906e-01 -3.353658616542819215e-02 3.134418405348376382e+03 2.145404924781822956e+03 7.220274160346405097e+02 5.602339605034287473e+01 4.631871559209621836e+01 2.689497013369649636e+01 8.059000000000000341e+01 3.099139984130859204e+01 0.000000000000000000e+00
9.928417968749999600e-01 -1.412158203124999900e-01 -5.129150390625000083e-02 4.097006664276123256e-02 9.751565835475924093e-02 5.326345574259756799e-02 1.013264476957886906e+00 3.427208284614337575e-01 2.364196990852548141e-01 5.787897085473673320e-01 7.808292725307823664e-06 1.515244710445403931e-01 -1.879268328845500990e+00 -3.353658616542819215e-02 3.250857454025949210e+03 1.046912938940431104e+03 7.101994125026842539e+02 5.701649247096206352e+01 3.241056291384389709e+01 2.666225832782418692e+01 8.004999999999999716e+01 3.103439979553222727e+01 0.000000000000000000e+00
9.867895507812499689e-01 -1.478588867187499989e-01 -5.661621093750000139e-02 3.605046736598013779e-02 7.062758881449701653e-02 6.071368515491484819e-02 1.004890085978084047e+00 3.041214217976187517e-01 2.528222310158549924e-01 5.787897085473673320e-01 7.808292725307823664e-06 -4.720731409788132105e+00 5.615854167938232333e-01 -3.353658616542819215e-02 3.965900657638385837e+03 8.459081813708634172e+02 7.528530307614414596e+02 6.315208597252939882e+01 2.908992195849309681e+01 2.747040641248579718e+01 7.951999999999999602e+01 3.107319976806640582e+01 0.000000000000000000e+00
9.930419921875000000e-01 -1.356640624999999878e-01 -3.382324218749999806e-02 3.331532180309295516e-02 5.632217273712159661e-02 7.819845488071443251e-02 1.009677037498036833e+00 2.733622332933455801e-01 2.816779483608695678e-01 5.787897085473673320e-01 7.808292725307823664e-06 2.492073519229888845e+00 -2.323171025514602639e-01 -3.353658616542819215e-02 4.410372970646422800e+03 1.096387524304168437e+03 7.392503789056628420e+02 6.645738033560809299e+01 3.311255797337780393e+01 2.719609860549838132e+01 7.790000000000000568e+01 3.112070037841796832e+01 0.000000000000000000e+00
9.847583007812500400e-01 -1.149853515625000044e-01 -4.952636718750000333e-02 3.303296596407889751e-02 8.571606514453886105e-02 9.164450767040252521e-02 1.001389972449122201e+00 3.145436316609996341e-01 3.067529441051766170e-01 5.787897085473673320e-01 7.808292725307823664e-06 7.031402710974216319e+00 8.091462492942810281e-01 -3.353658616542819215e-02 6.538449826583507274e+03 1.018103805583562348e+03 9.878144044938743491e+02 8.116582070469932830e+01 3.191799685500813410e+01 3.156054122921553073e+01 7.540000000000000568e+01 3.117250061035156250e+01 0.000000000000000000e+00
9.793090820312500000e-01 -8.085693359374999944e-02 -8.116699218749999500e-02 1.982771918177604620e-02 8.016324126124380056e-02 6.183876445293426394e-02 9.893806129749387335e-01 2.944504796590216578e-01 2.615852539301478652e-01 5.787897085473673320e-01 7.808292725307823664e-06 1.075213454514741862e+01 -1.865854245424270752e-01 -3.353658616542819215e-02 5.310115358320845189e+03 5.908107178097835686e+02 8.692771093745104736e+02 7.365951232256290382e+01 2.430731437099613146e+01 2.983392240815346597e+01 7.718999999999999773e+01 3.118160034179687656e+01 0.000000000000000000e+00
9.865234375000000444e-01 -8.454101562499999334e-02 -4.840332031249999778e-02 2.863863229751587025e-02 6.169314870834348430e-02 5.966524198055268152e-02 1.000933127154023383e+00 2.623744119216849247e-01 2.490143036008717892e-01 5.787897085473673320e-01 7.808292725307823664e-06 1.125518309354782076e+01 -4.647561111152172408e+00 -3.353658616542819215e-02 1.914596265676278790e+03 5.331213977096116423e+02 3.938570846199631319e+02 4.518047600618615434e+01 2.355252050188058988e+01 1.999112111293702299e+01 7.693999999999999773e+01 3.116659999847412266e+01 0.000000000000000000e+00
9.879370117187500355e-01 -1.166748046874999944e-01 -4.014892578124999722e-02 3.865007173418998077e-02 8.811149060726164439e-02 7.249702975153923812e-02 1.007308101256990662e+00 3.189427858662551851e-01 2.722296199771941372e-01 5.787897085473673320e-01 7.808292725307823664e-06 9.822256392240523937e+00 -2.286584767699241516e-01 -3.353658616542819215e-02 7.431555507557230158e+03 7.608477832331946047e+02 7.479168382405904367e+02 8.676423357693039407e+01 2.758441712148714942e+01 2.735226214229055941e+01 7.298999999999999488e+01 3.117080007553100529e+01 0.000000000000000000e+00
9.916137695312500222e-01 -4.869628906250000194e-02 -1.307470703124999911e-01 3.568437501788137428e-02 9.206586291790003207e-02 7.572076013088226143e-02 1.009446503259016970e+00 3.073063479434791079e-01 3.046564565640847988e-01 5.787897085473673320e-01 7.808292725307823664e-06 1.609359812259674172e+01 3.284146488904953198e+00 -3.353658616542819215e-02 8.474295545800452601e+03 8.231872836092400121e+02 1.038468954445710096e+03 9.345212381926957335e+01 2.887858898509112748e+01 3.229954770696169675e+01 7.893999999999999773e+01 3.123470018386840863e+01 0.000000000000000000e+00
9.943457031250000355e-01 -1.481445312499999993e-02 -1.342138671875000022e-01 2.970297303199768979e-02 7.250487432479857386e-02 7.250326468944547076e-02 1.009171120452397874e+00 2.696745118586318934e-01 3.008598125952839375e-01 5.787897085473673320e-01 7.808292725307823664e-06 1.214024425148963893e+01 -3.304573192000388904e+00 -3.353658616542819215e-02 4.938861176186926059e+03 8.449820421282033749e+02 8.524761006380052777e+02 7.131792696561468858e+01 2.925580704936186294e+01 2.941218177071478834e+01 8.426999999999999602e+01 3.133909994125366083e+01 0.000000000000000000e+00
7.809204101562500222e-01 -1.594482421875000056e-01 1.063208007812500022e-01 2.003885249793529444e-01 1.412337762117385487e-01 1.177288514316082030e-01 9.001251090698219048e-01 4.082370857092998961e-01 3.592115868264475487e-01 5.787897085473673320e-01 7.808292725307823664e-06 1.420640289694070901e+01 -1.934451317191123954e+00 -3.353658616542819215e-02 6.161708351245626545e+03 1.695730566447337878e+03 1.219646850224364243e+03 7.977173831950655369e+01 4.122466092457183606e+01 3.549593793114103590e+01 8.131999999999999318e+01 3.139979982376098633e+01 0.000000000000000000e+00
3.186352539062500266e-01 -4.362841796874999956e-01 3.412255859375000200e-01 3.097463257968424699e-01 2.196021830797194874e-01 9.169348742961885845e-02 6.413070643839369200e-01 6.402703089518632096e-01 4.562109029034806529e-01 5.787897085473673320e-01 7.808292725307823664e-06 1.917896355777978812e+01 -5.789634233713149669e+00 -3.353658616542819215e-02 6.468258078169437795e+03 3.097665379535834745e+03 3.021406378225844946e+03 8.268065506102429651e+01 5.595699459492098526e+01 5.589775392619117866e+01 8.051999999999999602e+01 3.136820007324218906e+01 0.000000000000000000e+00
1.061499023437500050e-01 -5.868676757812499867e-01 3.471752929687499933e-01 2.379400781333446679e-01 2.085136338412761636e-01 1.630337041079997773e-01 4.992072514506698533e-01 7.435908167252756051e-01 5.325076414061465924e-01 5.787897085473673320e-01 7.808292725307823664e-06 1.567408564329147325e+01 -1.529115876436233457e+01 -3.353658616542819215e-02 8.813566011632692607e+03 3.579510239569813166e+03 3.802358013767795001e+03 9.518005553888863801e+01 6.175216413962140649e+01 6.167099008666482973e+01 8.193999999999999773e+01 3.128860015869140554e+01 0.000000000000000000e+00
-2.083251953124999889e-01 -6.299462890625000533e-01 2.244165039062500089e-01 2.655825763940811157e-01 1.648922343492508213e-01 1.480297437846660735e-01 5.558614606141285552e-01 7.494828626812394257e-01 4.454127423078171888e-01 5.787897085473673320e-01 7.808292725307823664e-06 1.061280535817146387e+01 -7.127134299278258922e+00 -3.353658616542819215e-02 7.042067278151135724e+03 2.223714848007309683e+03 1.721777643521962773e+03 8.458545333401939104e+01 4.769183254318559761e+01 4.207898709912571888e+01 8.285999999999999943e+01 3.125520011901855355e+01 0.000000000000000000e+00
-6.093701171875000044e-01 -6.949218750000000222e-01 3.229980468750000278e-02 3.324713108539580075e-02 6.169867873191831747e-02 4.969876825809482063e-02 6.360653038851461494e-01 7.379804137546157605e-01 2.252599512584192998e-01 5.787897085473673320e-01 7.808292725307823664e-06 1.096036623120308029e+00 3.250000202655792259e-01 -3.353658616542819215e-02 1.540418904071226734e+03 3.503882725350539999e+02 2.628116879922401949e+02 3.926347157792404374e+01 1.872148224762737101e+01 1.632090815228067626e+01 8.000000000000000000e+01 3.127270023345947436e+01 0.000000000000000000e+00
-6.307031250000000311e-01 -7.381640624999999956e-01 -1.024438476562500033e-01 1.125215115547180400e-02 1.221541104316711292e-02 3.004654394984245663e-02 6.395612426032689646e-01 7.463923862216649274e-01 2.013486674216132255e-01 5.787897085473673320e-01 7.808292725307823664e-06 -3.918597632348537640e+00 -1.308231705427169711e+00 -3.353658616542819215e-02 6.172128474222074601e+02 1.335216076150801428e+02 1.106390055430917698e+02 2.515090962224736515e+01 1.162897578508808216e+01 1.052123015802169448e+01 7.600000000000000000e+01 3.134230014801025277e+01 0.000000000000000000e+00
-4.879174804687499978e-01 -8.370825195312500133e-01 -1.121508789062500011e-01 1.752714335322380287e-02 9.869835013151169803e-03 1.414026457667351064e-02 5.055597008269120396e-01 8.429572821430139085e-01 1.634566738194493385e-01 5.787897085473673320e-01 7.808292725307823664e-06 -1.542073307335376731e+00 -3.637195200920105176e+00 -3.353658616542819215e-02 7.381412973579698473e+02 2.333869178291127184e+02 1.057705141797793686e+02 2.721248403661757109e+01 1.570401562526951089e+01 1.037346075629862341e+01 7.237000000000000455e+01 3.147360012054443246e+01 0.000000000000000000e+00
-3.302734374999999889e-01 -8.967211914062499512e-01 -1.044213867187499950e-01 1.521018147468565854e-02 5.077790564298629086e-03 5.002343451380727307e-02 3.525488973075253663e-01 8.995480452323506571e-01 2.468344800024381558e-01 5.787897085473673320e-01 7.808292725307823664e-06 1.394817014932632437e+00 -2.919207407534122556e+00 -3.353658616542819215e-02 5.471258315529710217e+02 2.305403988752037208e+02 6.003565751076848755e+01 2.343227146603839373e+01 1.546163544918214328e+01 7.783867603365369092e+00 7.167000000000000171e+01 3.163839982986450039e+01 0.000000000000000000e+00
7.072753906249999722e-02 -6.965771484374999600e-01 -1.212719726562500044e-01 3.508214932680129849e-01 1.277192680597304952e-01 7.159919483065600720e-02 5.965097468188180763e-01 7.829042034534298145e-01 2.937789750519841370e-01 5.787897085473673320e-01 7.808292725307823664e-06 2.944817203283309759e+00 -5.475610098242760237e-01 -3.353658616542819215e-02 3.179894799515904651e+03 1.267755032489891391e+03 1.554458423047307633e+03 5.646739544087948559e+01 3.560975786985037672e+01 3.943767846531924448e+01 7.456000000000000227e+01 3.184379934310912930e+01 0.000000000000000000e+00
6.216406249999999467e-01 -3.662353515624999778e-01 1.150878906250000014e-02 3.521241201400754917e-01 1.518565386533738681e-01 1.261783969640731806e-01 8.593958266075454322e-01 5.347755336470448873e-01 3.554023764548547293e-01 5.787897085473673320e-01 7.808292725307823664e-06 -2.104573051333427536e+00 3.734756270051002303e-01 -3.353658616542819215e-02 7.914395680374882431e+03 3.446247354124229332e+03 3.261956633359740863e+03 8.898777954361644049e+01 5.870593528910171699e+01 5.727502323405023077e+01 7.496999999999999886e+01 3.195759952545165916e+01 0.000000000000000000e+00
5.022705078125000444e-01 -3.653198242187499778e-01 2.959204101562499800e-01 3.237641376256941150e-01 1.689214985072612640e-01 2.173231292903423650e-01 7.589728589639559431e-01 5.498909641687883543e-01 5.521702802916738095e-01 5.787897085473673320e-01 7.808292725307823664e-06 1.591463499069213805e+00 8.222866123616695333e+00 -3.353658616542819215e-02 7.515224908375267660e+03 4.698347505185899536e+03 4.031851635159760917e+03 8.670500368746971276e+01 6.903595463577529756e+01 6.355545256277751776e+01 7.612000000000000455e+01 3.194969995498657056e+01 0.000000000000000000e+00
2.348132765436747038e-01 -5.169721856174698260e-01 3.104027437876505924e-01 3.123929683832317727e-01 1.704051672140457496e-01 2.791360918816954140e-01 6.062427263270119271e-01 6.615628525817855987e-01 6.127690880197835810e-01 5.787897085473673320e-01 7.808292725307823664e-06 1.469291839757597629e+01 -1.633484907897121863e+00 -3.353658616542819215e-02 4.356904609829447509e+03 5.048485558930713523e+03 4.660364160197464116e+03 6.762238136051755077e+01 7.107146988683322775e+01 6.836561107446334518e+01 9.204819277108433084e+01 3.195349373874894283e+01 0.000000000000000000e+00
3.179746685606060774e-01 -5.410526160037878451e-01 9.178207859848484806e-02 3.834395012360740651e-01 1.125719407154289753e-01 2.894821815035341639e-01 6.960943837456966543e-01 6.366395165240462672e-01 5.458077788520355744e-01 5.787897085473673320e-01 7.808292725307823664e-06 1.914541833328478404e+01 -2.764504804394461956e+01 -3.353658616542819215e-02 3.540555587312359421e+03 4.316885686154564610e+03 4.577590742665586731e+03 6.250682067157819688e+01 7.128207606058180090e+01 6.962210320804436492e+01 1.141818181818181870e+02 3.196999931335449219e+01 0.000000000000000000e+00
