-4.240478515624999944e-02 3.171362304687500022e-01 1.068457031249999967e-01 6.452865680396558945e-01 1.773850434958934574e-01 2.353569203853607406e-01 8.044157717522719686e-01 5.272195293915254988e-01 4.967624428855671459e-01 6.028793075205245433e-01 4.106983915636356480e-03 -1.354725629538297582e+01 -1.334146294593810955e+00 -2.516463424563407880e+00 5.293866495211080291e+03 2.039457744869468343e+03 3.106215073209623824e+03 7.400942269970678922e+01 4.518005855689926165e+01 5.579021116089084131e+01 8.385999999999999943e+01 2.928329988479614343e+01 0.000000000000000000e+00
-4.535302734375000200e-01 3.373120117187500266e-01 6.194433593749999467e-01 1.937766638040541167e-01 1.376351733863354354e-01 1.902633131980896175e-01 6.320335218391092136e-01 5.014125712784687217e-01 7.576103145231557479e-01 6.130074363973615492e-01 6.579748890874877187e-03 -5.550304923653602174e+00 -2.806707317829132187e+00 -1.425914535522460946e+00 6.064697251596749993e+03 2.319086541355249665e+03 2.901458987001632977e+03 7.807370323189674366e+01 4.823861676419841160e+01 5.388406275759322028e+01 7.148000000000000398e+01 2.974629999160766758e+01 0.000000000000000000e+00
-3.031567382812500044e-01 4.583154296874999978e-01 7.571191406249999645e-01 5.918833119273188975e-02 1.200572319269180704e-01 9.315870132446286978e-02 3.887059803476892172e-01 5.745522300161716167e-01 8.163259731413680109e-01 6.043833285371582598e-01 5.116274567530391254e-03 9.118903744220733243e-01 2.117377938032150464e+00 -2.760061103701591634e+00 4.571053727240850094e+03 1.394340560088953907e+03 1.878622729844885498e+03 6.761571763499824783e+01 3.740085359214973693e+01 4.343087228160460711e+01 6.854000000000000625e+01 2.981679986953735195e+01 0.000000000000000000e+00
-3.079028320312500178e-01 5.100805664062499911e-01 5.722949218749999734e-01 1.563584674060344570e-01 1.396601239383220283e-01 1.533400717735290963e-01 5.011612728243260984e-01 6.323308534016371940e-01 6.934418139811309167e-01 5.990983597424507368e-01 2.470896059395064157e-03 3.502134153544902873e+00 3.984754118323325933e-01 -1.527439245581626859e-01 4.653807578887917771e+03 1.987282961193349138e+03 2.113445500331232324e+03 6.830865627808340435e+01 4.458073287696361575e+01 4.597247906125708994e+01 7.298999999999999488e+01 2.963959953308105355e+01 0.000000000000000000e+00
-3.136352539062500222e-01 4.409179687500000000e-01 6.326611328125000266e-01 1.370778612792492024e-01 1.253528225421905451e-01 1.212291631460189617e-01 4.852266828731567894e-01 5.654745597361711118e-01 7.221421412143281815e-01 5.861567962891459649e-01 1.746579568837362904e-03 -1.067378304898738861e+00 -4.006402565538882854e+00 -2.865853393077850142e-01 4.214148483917580052e+03 1.353872837983137970e+03 1.214498987066427162e+03 6.492524763420891531e+01 3.701248572441864582e+01 3.485084099735806262e+01 7.706999999999999318e+01 2.949139944076538100e+01 0.000000000000000000e+00
-4.025732421875000133e-01 3.088720703125000244e-01 7.524340820312499512e-01 6.012747623920439849e-02 1.187927139043808145e-01 4.360213214755059158e-02 4.713731977579547761e-01 4.628117000719739194e-01 7.808707831323697945e-01 5.800845212223428859e-01 1.238411387633992639e-03 -5.860366150736808777e+00 -9.402439105510711492e-01 -1.496952244639396801e-01 4.242557113167810712e+03 7.898094975354666758e+02 8.299581221949223391e+02 6.539801988278020417e+01 2.811927374856603734e+01 2.880938268785275014e+01 7.537999999999999545e+01 2.944819995880126839e+01 0.000000000000000000e+00
-4.253662109374999889e-01 2.736547851562500244e-01 7.976708984375000533e-01 5.726052582263949087e-02 8.384371506571769439e-02 5.411925151348114665e-02 4.880542380002095837e-01 3.984101611463129466e-01 8.309019880392449764e-01 5.839738670618509486e-01 2.768710690914107358e-03 1.061371961653232532e+01 -8.804877710342406960e-01 -1.532012348175048722e+00 3.012458601839044150e+03 1.211028602307484789e+03 1.050633913903380517e+03 5.590268013197048447e+01 3.481097328461853380e+01 3.244966834558314872e+01 7.504999999999999716e+01 2.941830038070678555e+01 0.000000000000000000e+00
-3.831249999999999933e-01 3.384765625000000222e-01 6.704516601562500178e-01 8.129059443473816982e-02 1.037055575847625755e-01 1.964182711303233131e-01 4.775723610718465295e-01 4.671958271930293782e-01 8.036937848064990009e-01 5.893517575671488595e-01 2.998952481400954731e-03 4.439633910357952296e+00 -2.750609707534313220e+00 -2.054573376774787796e+00 5.901730477274279110e+03 8.764299176375293428e+02 1.230730717990021958e+03 7.695089880262788995e+01 2.973206638295951265e+01 3.514188369667416367e+01 7.520000000000000284e+01 2.934230030059814354e+01 0.000000000000000000e+00
-3.807495117187499889e-01 4.283227539062500200e-01 6.079711914062500000e-01 7.574501201510436266e-02 1.057651747405528586e-01 1.773102323710918360e-01 4.698033659832279718e-01 5.377969470482208969e-01 7.395533800551701287e-01 5.844973372776758325e-01 8.983672153779944779e-04 -7.497866292297840296e+00 -1.786890275180339716e+00 1.737804841995239380e-01 4.934658200584432961e+03 5.957004998426092470e+02 9.395897021439450327e+02 7.064613364878225354e+01 2.447230019222024566e+01 3.065322008860788117e+01 7.243000000000000682e+01 2.922439964294433423e+01 0.000000000000000000e+00
-3.550073242187499756e-01 4.577905273437499756e-01 7.171874999999999778e-01 5.392480003237723474e-02 6.544699775576594269e-02 4.889882564544679316e-02 4.242110327199587472e-01 5.244226965735127033e-01 7.505043209747008781e-01 5.797689211685704835e-01 8.458951347648440778e-04 -4.366158773005008875e+00 -2.310670782625675379e+00 -2.889329248964786601e+00 1.628275123368259301e+03 4.986740435373802143e+02 1.111905043116815250e+03 4.058741757982819820e+01 2.245023926382657109e+01 3.347018474143425237e+01 7.106999999999999318e+01 2.913669969558715778e+01 0.000000000000000000e+00
-2.820336914062500089e-01 4.932714843750000133e-01 6.883276367187499689e-01 5.937603866457939056e-02 6.711470880508424441e-02 5.918189393877982402e-02 3.727184483666125536e-01 5.571637695530822221e-01 7.300526209867336247e-01 5.748834636733222148e-01 1.086668603416447070e-03 -8.387197044491767617e-01 -1.650304871499538528e+00 -2.356402545869350273e+00 2.316187385046382587e+03 5.236103454061117191e+02 1.087530538581276687e+03 4.813409224020969646e+01 2.294196703805074122e+01 3.306180835253049821e+01 7.017000000000000171e+01 2.907539983749389734e+01 0.000000000000000000e+00
-2.182543945312500067e-01 5.185156250000000355e-01 6.600708007812500222e-01 7.015116984248163934e-02 6.316627230644224211e-02 1.025060527026653151e-01 3.431998697183379354e-01 5.762158672542634363e-01 7.336208249134330561e-01 5.732103378950960115e-01 1.393564200673765930e-03 1.226920742750167825e+01 -9.176829755306243896e-01 -1.400000295937061212e+00 1.069908227846802038e+04 1.327095754075325658e+03 1.827545938392900553e+03 1.041614887056011867e+02 3.644088220829599578e+01 4.277272424362895009e+01 7.204999999999999716e+01 2.897469997406005859e+01 0.000000000000000000e+00
-2.177685546875000044e-01 3.708813476562500266e-01 7.013842773437499734e-01 1.142619156599044283e-01 1.177150829493999878e-01 1.217856856048107339e-01 4.021008071001439532e-01 5.052405931719224919e-01 7.834064016267834329e-01 5.808763500795917079e-01 1.485621569494931585e-03 2.898170541226863683e+00 -1.769207460880279470e+00 -4.357927176058292495e+00 1.303884275664259985e+04 1.563861328016989773e+03 2.073595447587002127e+03 1.142245251648201361e+02 3.958524249081499136e+01 4.574480273057071145e+01 7.415999999999999659e+01 2.886630044937133732e+01 0.000000000000000000e+00
-2.703735351562500111e-01 3.916528320312500089e-01 6.782958984375000444e-01 1.166164390742778223e-01 1.497619918525218696e-01 1.225913625955581260e-01 4.355666281835258169e-01 5.505941633277821046e-01 7.633326197881847852e-01 5.877667861299697982e-01 2.205644241785215641e-03 -7.594207684099674616e+00 -4.741768481135368418e+00 -4.918902681767940877e+00 7.504427321473287520e+03 1.293077360049978324e+03 2.761060150063000492e+03 8.696033182907318348e+01 3.627067311725365073e+01 5.277552229638001791e+01 7.285999999999999943e+01 2.876980028152465962e+01 0.000000000000000000e+00
-3.254077148437499734e-01 4.292797851562499822e-01 7.030883789062499778e-01 8.349443156123161069e-02 1.285097039401531249e-01 1.010996846854686493e-01 4.351834239042922658e-01 5.592770671893755319e-01 7.716430218945073971e-01 5.831236353034998654e-01 1.985319364355921882e-03 -1.035670776963233841e+00 -7.054878204464912095e+00 -4.259451395273208263e+00 5.269237073317215618e+03 1.392249026872645572e+03 2.746258754255258282e+03 7.259689860645200099e+01 3.797394282073536687e+01 5.257757773465750972e+01 7.268999999999999773e+01 2.865939981460571317e+01 0.000000000000000000e+00
-3.194531250000000044e-01 3.928808593750000022e-01 7.632104492187500311e-01 7.718096551895139990e-02 8.223656787872313245e-02 5.989170538783073622e-02 4.233571359871202699e-01 4.864071725848228556e-01 8.014873019483945704e-01 5.763131031876308485e-01 8.310584548820370643e-04 8.336280803382397409e+00 -4.220731780529022537e+00 2.889329508841037786e+00 2.287757034154671601e+03 1.343596196423834954e+03 1.776742245271223737e+03 4.855152532915430896e+01 3.689730035093357685e+01 4.225033100795639740e+01 7.143000000000000682e+01 2.856469984054565359e+01 0.000000000000000000e+00
-3.664721679687499845e-01 2.956860351562500266e-01 7.438818359375000133e-01 8.525209218859666760e-02 1.121022995173930892e-01 5.034668066501615802e-02 4.685658353788850761e-01 4.466906434030337159e-01 7.769857569497409244e-01 5.778174853671239619e-01 6.259505373148079987e-04 7.547561329901218308e+00 1.135975642800331142e+00 4.478963663578033660e+00 2.006503519760278778e+03 1.168250576625059466e+03 1.345898308433095281e+03 4.542542461869671655e+01 3.419855285368219455e+01 3.695888829405920006e+01 7.029000000000000625e+01 2.847690032958984219e+01 0.000000000000000000e+00
-3.806860351562499911e-01 2.667919921874999933e-01 7.758471679687499734e-01 6.084552561640738794e-02 1.178431136369704618e-01 5.060354668498038416e-02 4.536158980672888585e-01 4.347655468552511504e-01 8.078009499438028040e-01 5.791064834247044990e-01 6.915544879035759795e-04 3.582621959447860771e+00 9.320122373104094970e-01 -5.926830828189849631e-01 2.410818727991743799e+03 8.766075436727326178e+02 8.191806920644888805e+02 4.923061961925790797e+01 2.962222460388870360e+01 2.862746871976543517e+01 7.057999999999999829e+01 2.842540019989013800e+01 0.000000000000000000e+00
-3.176538085937499756e-01 5.140405273437500533e-01 5.944628906250000178e-01 1.037468849360942830e-01 1.119588130652904717e-01 1.158464046478271531e-01 4.523834955546113257e-01 6.133485769259851006e-01 6.850054985020614939e-01 5.821944406569281583e-01 2.121468428422087788e-03 1.009146326541900685e+01 -2.059451311826705933e+00 3.109146323800087153e+00 9.011337350847585185e+03 3.257550836472255924e+03 1.806285396148940890e+03 9.546295083269153281e+01 5.711210183645879113e+01 4.261399050795102994e+01 7.165000000000000568e+01 2.840180013656616254e+01 0.000000000000000000e+00
-3.092968750000000266e-01 6.066235351562500044e-01 3.612817382812499867e-01 2.145844653606414909e-01 1.087271068751812092e-01 1.368673285186291222e-01 5.570000199689467690e-01 6.904485645438386276e-01 5.170994323475425203e-01 5.807036618189372890e-01 2.783778889401401693e-03 8.910975511074065381e+00 -3.510061073899269246e+00 7.897865988016128824e+00 9.190628279057629697e+03 3.603803492630990604e+03 1.956389426151197767e+03 9.628101455435847811e+01 6.013421672703064758e+01 4.493067675114475179e+01 7.343999999999999773e+01 2.845499994277954059e+01 0.000000000000000000e+00
-2.528417968750000244e-01 4.938134765625000200e-01 4.701220703124999734e-01 2.497092110157013156e-01 1.217384543657303309e-01 1.790543458223343154e-01 5.600340929467420015e-01 6.046405576873528087e-01 6.325101634102375803e-01 5.790539818720421561e-01 4.456292870074103629e-03 -1.737439055204391636e+01 -6.256707346141338277e+00 6.481707199513912165e+00 1.167332526010310539e+04 2.580868466553777125e+03 2.054001686576354132e+03 1.094312327772928626e+02 5.118608066036151882e+01 4.578224781284318112e+01 7.404999999999999716e+01 2.860929975509643697e+01 0.000000000000000000e+00
-2.335327148437499889e-01 4.720800781250000244e-01 7.091772460937499911e-01 1.449922697246073533e-01 2.125643497943877913e-01 1.889453474223613261e-01 4.466875850377976520e-01 6.598666152768254411e-01 8.317918692794951108e-01 5.895445665130849555e-01 3.183368501282929364e-02 -2.005304899930953866e+01 -4.513719616234302734e+00 2.171646213233470846e+00 1.212806621755777633e+04 2.640618675050063302e+03 2.136502140940644495e+03 1.119383356662340248e+02 5.158480725779672582e+01 4.627329886896001199e+01 7.348999999999999488e+01 2.880010000228881850e+01 0.000000000000000000e+00
-2.874536132812500200e-01 3.891455078125000133e-01 8.369091796875000044e-01 5.310371767878529353e-02 2.369517216920851987e-01 1.699023353815077853e-01 3.684200014483900998e-01 6.232061841338978336e-01 9.329090579615528789e-01 5.871668001844038143e-01 3.049662559582346638e-02 3.023780798912048429e+00 -4.730793016552925501e+00 -1.150609793663024849e+00 2.819391751048442529e+03 1.563269467586943392e+03 1.260540909786179100e+03 5.318397316267666497e+01 3.982021936343909374e+01 3.552273655960998866e+01 7.407999999999999829e+01 2.907479999542236371e+01 0.000000000000000000e+00
-2.837500000000000022e-01 3.615771484374999956e-01 7.367749023437499822e-01 5.104240908622740408e-02 2.449311005830764609e-01 1.670504463374614390e-01 3.627071430041424183e-01 6.129185385149239496e-01 8.425483387088861242e-01 5.774828194786321145e-01 7.850966463692864508e-03 3.538109961748123311e+00 -3.282012491822242861e+00 7.176829749345778886e-01 1.233552876977357755e+03 1.550308959529063713e+03 8.694032955299861669e+02 3.529973228055389001e+01 3.951051208888009825e+01 2.949437852171997321e+01 7.493999999999999773e+01 2.933469999313354393e+01 0.000000000000000000e+00
-2.927758789062500089e-01 4.161523437499999867e-01 5.949267578125000400e-01 1.990500644385814755e-01 2.534351269245147531e-01 3.823401098012924604e-01 5.336363740487605201e-01 6.531599345743223095e-01 8.580664059165732382e-01 6.189435502093221242e-01 3.077947734786862927e-02 3.484146429896354480e+00 3.664634113311767472e+00 3.885671012401580970e+00 1.875520394401340354e+03 1.343460687818073893e+03 1.467706988479178108e+03 4.344720555739228018e+01 3.683599097353729945e+01 3.850721267108016121e+01 7.401999999999999602e+01 2.892279983520507969e+01 0.000000000000000000e+00
-6.563525390625000178e-01 1.916992187500000111e-01 2.731127929687500178e-01 2.863002588510515367e-01 1.178210151195525635e-01 4.002585519015787185e-01 8.468169308562754072e-01 3.931534122819144161e-01 6.890929905207062722e-01 6.192227828507747001e-01 2.494774369211825993e-02 3.413719604909419836e+00 2.752134159803390379e+00 2.555183137059211518e+00 1.127670377418636690e+03 6.147516726505159568e+02 1.007856603152591447e+03 3.375387176250422527e+01 2.494646097313350452e+01 3.184942015196669374e+01 8.528000000000000114e+01 2.816009977340698356e+01 0.000000000000000000e+00
-9.943627929687499645e-01 2.834472656249999861e-02 -6.104980468750000056e-02 2.261769175529476338e-05 2.383667230606077269e-04 3.818728923797606411e-05 9.943741658613062251e-01 3.227677565934213705e-02 6.136176286271339403e-02 5.754477623153366750e-01 9.459539911547609615e-07 5.222561076283454007e-01 -3.917682996392249373e-01 -9.756097644567489346e-02 6.927898496369480630e-02 1.273679217965448529e-01 2.453152912210695979e-01 5.848336745766308242e-01 5.299531322661978905e-01 5.048102963946985433e-01 9.623999999999999488e+01 2.788600015640258789e+01 0.000000000000000000e+00
-9.943712022569444198e-01 2.557779947916666644e-02 -6.157769097222222376e-02 1.030976389661255714e-06 4.849235216776530942e-06 3.899173972047404096e-06 9.943717206630078298e-01 2.567241830083864806e-02 6.160934344271610380e-02 5.754214250169680245e-01 1.058727235523069719e-07 5.528455416361489627e-01 -4.159891688161424517e-01 -5.420054329766167169e-03 3.453632342744089069e-03 4.364777731238060794e-03 5.712906317462161827e-03 5.559602730858662634e-01 4.212027615099205868e-01 7.577785498679533160e-02 9.735555555555555429e+01 2.784333324432373047e+01 0.000000000000000000e+00
-9.944702148437499778e-01 2.554931640625000139e-02 -6.159057617187500139e-02 1.086443662643443154e-06 1.143068075180053618e-06 3.713332116603850336e-06 9.944707610860346048e-01 2.557167645857141500e-02 6.162071409274758049e-02 5.754631619412764465e-01 1.440155783203182825e-07 5.617378234863279474e-01 -4.214939117431638071e-01 -7.621951401233495720e-04 1.993210416493678121e-03 1.110178931599084626e-03 1.509866780800313193e-03 5.635091771671960625e-01 4.228088179876963726e-01 3.886447892654603525e-02 1.002249999999999943e+02 2.779999923706054688e+01 0.000000000000000000e+00
