-7.607543945312500444e-01 7.800537109374999778e-02 2.763305664062499778e-01 2.506840424239633602e-01 1.443276315867901005e-01 8.721158429980276072e-02 9.107311849401953374e-01 3.878304649022092376e-01 4.044380870172858966e-01 5.754631619412764465e-01 1.440155783203182825e-07 7.977134358882904230e+00 -3.185671009719371671e+00 -7.621951401233495720e-04 5.692452348930698463e+03 2.645144540371672520e+03 2.584975171814897749e+03 7.586888045510073653e+01 5.152953560972422764e+01 5.085178391469952430e+01 7.339000000000000057e+01 2.747390008926391758e+01 0.000000000000000000e+00
-9.828588867187499911e-01 1.425634765625000133e-01 1.484521484374999867e-01 4.663185393214228092e-02 3.872938253879546627e-02 5.600737907886507716e-02 1.006301865810733220e+00 2.430097269419106143e-01 2.793661029090225845e-01 5.754631619412764465e-01 1.440155783203182825e-07 -1.842682637572288451e+00 -9.137195682525635076e-01 -7.621951401233495720e-04 5.111585710180543174e+03 2.105193847709044803e+03 2.870592193692331875e+03 7.151909667692507355e+01 4.589148865703149482e+01 5.381008424223961839e+01 7.270000000000000284e+01 2.675899982452392578e+01 0.000000000000000000e+00
-7.064575195312500222e-01 1.424023437499999933e-01 4.940380859374999822e-01 1.120510642230511250e-01 6.844570527076720978e-02 1.532337989568709480e-01 7.817501462265917800e-01 2.978659644475353252e-01 6.303232736569860384e-01 5.754631619412764465e-01 1.440155783203182825e-07 -1.661890154480934134e+00 4.482317235469817973e+00 -7.621951401233495720e-04 2.280591733731195291e+03 1.533048877811766033e+03 1.619659128134181856e+03 4.778444948533731917e+01 3.940989781274693371e+01 4.055877265312165036e+01 7.337999999999999545e+01 2.716220014572143526e+01 0.000000000000000000e+00
-4.847729492187500266e-01 1.275195312500000122e-01 7.977709960937500178e-01 4.807068426012991308e-02 7.442242012023923825e-02 3.352580434679986593e-02 5.320483968159049892e-01 3.011372626734509228e-01 8.185135103070773077e-01 5.754631619412764465e-01 1.440155783203182825e-07 1.272256152629852366e+00 1.271342200040817272e-01 -7.621951401233495720e-04 7.141039296114159924e+02 1.158942276063325608e+03 9.866365850905170873e+02 2.675299170801874737e+01 3.404347865852168553e+01 3.144133447418546723e+01 7.395000000000000284e+01 2.730780008316040153e+01 0.000000000000000000e+00
-4.302807617187500155e-01 2.730932617187499800e-01 6.966821289062500311e-01 5.823053867220877311e-02 1.211932672202586381e-01 7.699327694773672182e-02 4.933275510018435006e-01 4.424626501937133916e-01 7.499061712541652547e-01 5.754631619412764465e-01 1.440155783203182825e-07 4.396036621332168437e+00 -3.289024503827095103e+00 -7.621951401233495720e-04 1.086282451063706958e+03 9.855865800047076846e+02 1.024123169369713651e+03 3.325067802376065629e+01 3.156587179520760600e+01 3.209669128362767054e+01 7.470000000000000284e+01 2.732819965362548942e+01 0.000000000000000000e+00
-3.263525390625000022e-01 4.595117187500000200e-01 5.870507812499999867e-01 1.282267399072646308e-01 1.510759505271911385e-01 1.083548144340515523e-01 4.844922286887636820e-01 6.018529473183381606e-01 6.730404402413623366e-01 5.754631619412764465e-01 1.440155783203182825e-07 9.020731807351111797e+00 -3.768292242288589500e-01 -7.621951401233495720e-04 5.829684094442761307e+03 1.020610947732085720e+03 1.864853086722415128e+03 7.688340325963021371e+01 3.194922452887265507e+01 4.318738524636970055e+01 7.348999999999999488e+01 2.726899978637695199e+01 0.000000000000000000e+00
-3.355615234375000089e-01 4.095239257812500200e-01 6.092529296875000000e-01 1.702547197580337457e-01 1.188513721168041326e-01 8.535769402980804277e-02 5.318423222814536722e-01 5.353141301180932565e-01 6.756824893118141828e-01 5.754631619412764465e-01 1.440155783203182825e-07 5.857317065000533951e+00 1.825305011272430500e+00 -7.621951401233495720e-04 6.396891317447893925e+03 1.362042971427886414e+03 2.337709187898021810e+03 8.019475968321022208e+01 3.695097711579577293e+01 4.838725186116587196e+01 7.345000000000000284e+01 2.727960018157958899e+01 0.000000000000000000e+00
-2.548925781249999911e-01 3.181274414062499889e-01 6.594848632812500000e-01 2.138878523349763694e-01 9.969351336359974503e-02 8.526521369814872575e-02 5.280701456418317452e-01 4.482171151788905128e-01 7.212388637582127782e-01 5.754631619412764465e-01 1.440155783203182825e-07 -1.838416785001754650e-01 -2.728657740354538119e-01 -7.621951401233495720e-04 4.672786840758811195e+03 1.408462892826723419e+03 1.988967434434506231e+03 6.835803272857964430e+01 3.753048558914956345e+01 4.485560164834187447e+01 7.296999999999999886e+01 2.734909994125366239e+01 0.000000000000000000e+00
-1.729394531250000033e-01 3.714038085937499956e-01 6.422875976562499867e-01 2.095002979278563771e-01 1.326185022056102503e-01 1.029062875449657521e-01 4.892937281174065123e-01 5.201531421067772110e-01 7.179412550118585701e-01 5.754631619412764465e-01 1.440155783203182825e-07 -1.091158561468124333e+01 2.847561132013797902e+00 -7.621951401233495720e-04 6.647855565810266853e+03 1.059333513303442260e+03 1.877704994512431540e+03 8.226128048138309623e+01 3.267173270128166251e+01 4.338410471016000969e+01 7.275000000000000000e+01 2.743329980850219840e+01 0.000000000000000000e+00
-2.635839843750000244e-01 3.833227539062499800e-01 6.834204101562499911e-01 1.825491339206695429e-01 8.560436617732047893e-02 7.543213879466054150e-02 5.020215640185885508e-01 4.822247399704747139e-01 7.365430033696589440e-01 5.754631619412764465e-01 1.440155783203182825e-07 -6.077134209573268997e+00 4.335975680053234527e+00 -7.621951401233495720e-04 4.705245013322316481e+03 9.249704765598269205e+02 1.269324653624583107e+03 6.886346326988994804e+01 3.072085873893891517e+01 3.565016119891429014e+01 7.389000000000000057e+01 2.752120035171508761e+01 0.000000000000000000e+00
-3.348999023437500000e-01 2.858715820312500155e-01 7.275341796875000044e-01 1.793267230689525593e-01 9.044194371104240238e-02 6.830718038082120303e-02 5.398932002339035252e-01 4.149271082058776372e-01 7.730544372774692530e-01 5.754631619412764465e-01 1.440155783203182825e-07 1.290762225061654966e+01 -4.206707525849342488e+00 -7.621951401233495720e-04 3.898769009300920970e+03 9.156654406654273544e+02 1.501862110196752155e+03 6.376029894429236577e+01 3.055097099722797438e+01 3.876925844330700954e+01 7.367000000000000171e+01 2.755740015029907397e+01 0.000000000000000000e+00
-2.560742187500000266e-01 3.232250976562500155e-01 6.657543945312499600e-01 1.939247885704040164e-01 1.551206460654735442e-01 1.009177830874919413e-01 5.094102414349626073e-01 5.095047691831411374e-01 7.376629968523318315e-01 5.754631619412764465e-01 1.440155783203182825e-07 1.156615890651941214e+01 -5.114939232170581995e+00 -7.621951401233495720e-04 5.284425959408184099e+03 1.132885473246797119e+03 1.704581101342115744e+03 7.360843695704345180e+01 3.404479514691775677e+01 4.132385144524732112e+01 7.445000000000000284e+01 2.747329984664916935e+01 0.000000000000000000e+00
-1.046655273437499950e-01 5.144018554687499467e-01 3.955468750000000200e-01 1.380760649383068195e-01 1.611994129359722305e-01 2.928355523586273490e-01 3.860452532442952833e-01 6.525401764226207435e-01 6.702931319064018290e-01 5.754631619412764465e-01 1.440155783203182825e-07 6.132317216098308599e+00 -7.963719664514064434e+00 -7.621951401233495720e-04 4.297612470175783528e+03 1.584491547819530297e+03 1.084623237416184338e+03 6.584237073962812303e+01 4.059448704829879517e+01 3.294752053897650512e+01 7.673999999999999488e+01 2.734520040512084904e+01 0.000000000000000000e+00
-3.022119140624999756e-01 6.036669921874999734e-01 3.184277343749999933e-01 1.104210019350051891e-01 9.275910947322843492e-02 2.424906588554382736e-01 4.491692809357348271e-01 6.761456551142894789e-01 5.864186907616723010e-01 5.754631619412764465e-01 1.440155783203182825e-07 3.446646362543106079e+00 -6.817378208935260808e+00 -7.621951401233495720e-04 2.273484968062796270e+03 1.203762336178633177e+03 6.110470794145428499e+02 4.780548440515197939e+01 3.535871861114734571e+01 2.482210820500276327e+01 7.639000000000000057e+01 2.730800027847289968e+01 0.000000000000000000e+00
-4.109838867187500244e-01 4.944409179687500044e-01 6.350561523437500133e-01 7.517125951647758708e-02 7.873844129443170747e-02 8.239192926287651486e-02 4.940435351858456503e-01 5.685158420450672212e-01 6.969133704360426229e-01 5.754631619412764465e-01 1.440155783203182825e-07 1.173780626058578552e-01 5.978657856583595720e-01 -7.621951401233495720e-04 1.291980983707599307e+03 6.406199115921191378e+02 7.808648062626936053e+02 3.594432863912163612e+01 2.531753058830540581e+01 2.803249650182212704e+01 7.207999999999999829e+01 2.735089982986450252e+01 0.000000000000000000e+00
-4.020971679687500022e-01 2.521069335937500266e-01 7.978466796875000044e-01 7.641023694872854655e-02 8.882972676157949166e-02 3.595839021205900904e-02 4.879470969656625745e-01 3.903685857335640885e-01 8.200717739932446015e-01 5.754631619412764465e-01 1.440155783203182825e-07 3.334756157696247225e+00 -7.454269215464591758e-01 -7.621951401233495720e-04 1.152824997453553124e+03 6.724398393142323584e+02 9.598744024173269054e+02 3.411664690565069691e+01 2.594215682262364098e+01 3.098581053959721032e+01 6.781000000000000227e+01 2.733630016326904411e+01 0.000000000000000000e+00
-4.296411132812499867e-01 2.522070312499999911e-01 6.598828125000000266e-01 6.973543607592583293e-02 1.113025461673737143e-01 1.490534738063812037e-01 5.043083603287553673e-01 4.182235440279661320e-01 7.645252121671929357e-01 5.754631619412764465e-01 1.440155783203182825e-07 3.546951164007186907e+00 -2.643294167518615567e-01 -7.621951401233495720e-04 1.276487984638465605e+03 1.450862380397990819e+03 1.090748908810690409e+03 3.590360493318627277e+01 3.809110461037525397e+01 3.302656769810803894e+01 6.803000000000000114e+01 2.721450025558471708e+01 0.000000000000000000e+00
-4.243115234375000044e-01 3.029858398437499933e-01 6.555957031250000400e-01 6.617779610157015213e-02 9.449868018031119810e-02 1.416473637580872302e-01 4.962036527711402023e-01 4.316237937441977368e-01 7.559451631659866999e-01 5.754631619412764465e-01 1.440155783203182825e-07 1.101524355709552871e+00 5.676827526092529386e-01 -7.621951401233495720e-04 1.007589277926092791e+03 1.389857067445954954e+03 8.325155628998051043e+02 3.176165351225143496e+01 3.728510870513271414e+01 2.887858101643564979e+01 7.148000000000000398e+01 2.711440015792846836e+01 0.000000000000000000e+00
-5.478247070312499689e-01 2.967626953124999911e-01 6.212866210937499911e-01 5.765964257121086733e-02 6.661185553073882548e-02 9.452121054530142341e-02 5.981400774108734941e-01 3.932937233924265752e-01 6.931942556710855019e-01 5.754631619412764465e-01 1.440155783203182825e-07 -1.541463505327701489e+00 1.846951157748699224e+00 -7.621951401233495720e-04 9.027791319967623167e+02 3.514789654597911976e+02 9.465243848027264448e+02 3.008579800728275799e+01 1.883852950840113749e+01 3.105650719755074007e+01 7.325000000000000000e+01 2.708279998779296704e+01 0.000000000000000000e+00
-5.873437500000000533e-01 3.173217773437500000e-01 5.414208984374999645e-01 7.402669563293456934e-02 6.805839464068412503e-02 9.442666556835176139e-02 6.473016115359184752e-01 4.107937499734879983e-01 6.225457853308633549e-01 5.754631619412764465e-01 1.440155783203182825e-07 -1.524391680955886411e-02 2.363109852671623212e+00 -7.621951401233495720e-04 1.581861354550884244e+03 5.570528325640387948e+02 1.281005316275701489e+03 3.977262358617903715e+01 2.371997303412954139e+01 3.597559419865179109e+01 7.218000000000000682e+01 2.701849979400634894e+01 0.000000000000000000e+00
-5.869995117187499778e-01 3.447924804687499956e-01 6.104248046875000444e-01 4.464860484004019164e-02 6.694583041071891505e-02 6.564782440662385310e-02 6.238726084691418317e-01 4.310773538455856535e-01 6.620168174483155310e-01 5.754631619412764465e-01 1.440155783203182825e-07 6.893902703523635545e+00 3.844512909650802390e-01 -7.621951401233495720e-04 1.900301089966042582e+03 6.774987721743708562e+02 8.873509239845784577e+02 4.413419291718943072e+01 2.603164564466671393e+01 2.987780248427710461e+01 7.078000000000000114e+01 2.693339990615844570e+01 0.000000000000000000e+00
-5.340307617187499689e-01 3.491162109375000044e-01 6.672436523437500488e-01 2.989914404749869498e-02 8.687554595470432794e-02 5.775207692980766083e-02 5.613269978447562591e-01 4.569000707967348363e-01 7.092010776379537029e-01 5.754631619412764465e-01 1.440155783203182825e-07 9.595122201144695495e+00 -2.751219641864299792e+00 -7.621951401233495720e-04 1.586578571797508857e+03 6.220858831385687608e+02 6.762182731288000923e+02 4.097126971247543992e+01 2.509292913663824010e+01 2.756449446901092060e+01 7.229000000000000625e+01 2.688220031738281079e+01 0.000000000000000000e+00
-4.679760742187499822e-01 2.350244140624999922e-01 7.991479492187499867e-01 8.945177859067916099e-03 5.728619124889375303e-02 2.081715905070305461e-02 4.774377277721786328e-01 3.354439840782886817e-01 8.120681029268647100e-01 5.754631619412764465e-01 1.440155783203182825e-07 3.591158526837825882e+00 -4.105792833566665578e+00 -7.621951401233495720e-04 9.036906620513965436e+02 6.269393671911103638e+02 5.207687163018626961e+02 3.027518920859580831e+01 2.537315317384257085e+01 2.328207735128216171e+01 7.356000000000000227e+01 2.685010038375854435e+01 0.000000000000000000e+00
-3.794824218749999756e-01 3.940209960937500200e-01 7.231860351562500178e-01 7.037796082496641792e-02 6.685797225832940116e-02 3.680233842730522287e-02 4.630171371958946014e-01 4.712860252766257751e-01 7.481980886585598567e-01 5.754631619412764465e-01 1.440155783203182825e-07 5.137195006012916787e-01 -1.964939012825489106e+00 -7.621951401233495720e-04 6.119210974300574435e+02 4.074837354094557895e+02 5.443196670402589916e+02 2.474237266624515286e+01 2.028163506065473598e+01 2.346617704865821352e+01 7.234000000000000341e+01 2.681690029144287024e+01 0.000000000000000000e+00
-3.893701171874999756e-01 5.245288085937499512e-01 6.476538085937499911e-01 7.306160333156586084e-02 5.028317386507989706e-02 3.126890813708304434e-02 4.739944002730130945e-01 5.704503877725553007e-01 6.713600851428932481e-01 5.754631619412764465e-01 1.440155783203182825e-07 -4.542681875824928217e-01 1.920732581615448020e-01 -7.621951401233495720e-04 5.840447101908351897e+02 1.863987627743453288e+02 4.487962603640009434e+02 2.417128605964284915e+01 1.365414423941852284e+01 2.144486694837619467e+01 7.139000000000000057e+01 2.678680055618286104e+01 0.000000000000000000e+00
-4.857958984374999845e-01 4.401293945312499956e-01 5.505102539062499689e-01 1.354629085063934445e-02 8.526335698962210496e-02 1.728850411117076602e-01 4.995437376139722496e-01 5.281829615957588375e-01 6.898888176855973997e-01 5.754631619412764465e-01 1.440155783203182825e-07 -8.489329547882080718e+00 -1.534756071865558624e+00 -7.621951401233495720e-04 3.135320315490882422e+03 5.602808092429997942e+02 8.067229704878720895e+02 5.663381526670639232e+01 2.371995542666823553e+01 2.849192144932490578e+01 7.081999999999999318e+01 2.673900056838989414e+01 0.000000000000000000e+00
-4.659814453125000200e-01 4.237182617187499889e-01 5.648583984374999645e-01 1.867693212032318570e-02 8.388380095362667210e-02 1.888566317796707139e-01 4.856085249414898719e-01 5.132455224038352526e-01 7.126862157114084440e-01 5.754631619412764465e-01 1.440155783203182825e-07 -6.457012470662593984e+00 -2.891158665120601601e+00 -7.621951401233495720e-04 3.577679601619347977e+03 8.758808928991746825e+02 1.065411702094647808e+03 6.016122182656899042e+01 2.973616806728930584e+01 3.278784083930693782e+01 7.198000000000000398e+01 2.667320003509521342e+01 0.000000000000000000e+00
-3.737304687499999889e-01 5.214550781250000266e-01 5.111914062500000355e-01 8.936536312103271484e-02 6.203756842613221412e-02 2.180066808700562297e-01 4.785810551966379611e-01 5.778866384754729468e-01 6.923318096793680265e-01 5.754631619412764465e-01 1.440155783203182825e-07 -5.229878217875957525e+00 -3.132012291848659480e+00 -7.621951401233495720e-04 1.823863951608328989e+03 1.128192257464060731e+03 9.233796183799864821e+02 4.302575481943509317e+01 3.373428165027902281e+01 3.058628808871997506e+01 7.189000000000000057e+01 2.659989982604980341e+01 0.000000000000000000e+00
-3.042382812500000200e-01 6.455468749999999645e-01 2.480126953125000033e-01 1.845435830593108173e-01 8.269926991462701882e-02 2.145036828756332614e-01 5.264071758983391858e-01 7.067036420854874157e-01 5.253703264477393997e-01 5.754631619412764465e-01 1.440155783203182825e-07 -3.440244017243385244e+00 -1.970731827318668472e+00 -7.621951401233495720e-04 4.318840665569760858e+03 2.113402880602825917e+03 1.232478909969260940e+03 6.580787144763110064e+01 4.601398335873599876e+01 3.516930409355595089e+01 7.140999999999999659e+01 2.645600013732910227e+01 0.000000000000000000e+00
-3.339868164062499978e-01 6.623046875000000444e-01 2.957714843750000044e-01 1.613389402568340125e-01 7.649238109588628320e-02 1.290623551368713096e-01 5.223850436124833907e-01 7.177324572431978966e-01 4.653419453544481166e-01 5.754631619412764465e-01 1.440155783203182825e-07 2.262804979085922152e+00 -1.981719076633453244e-02 -7.621951401233495720e-04 4.962011942839450967e+03 1.764297362010455345e+03 1.158100851010165570e+03 7.047788468174131538e+01 4.200354454961515671e+01 3.403571249496157947e+01 7.390999999999999659e+01 2.628299961090088033e+01 0.000000000000000000e+00
-4.101245117187499734e-01 5.405664062499999645e-01 5.714184570312500488e-01 5.839685518145563276e-02 5.900899615287778788e-02 1.081988983809948068e-01 4.760241278485773386e-01 5.926390433635956301e-01 6.593314427637811947e-01 5.754631619412764465e-01 1.440155783203182825e-07 2.984756205677986163e+00 -6.079268002510070934e-01 -7.621951401233495720e-04 2.388158933082922886e+03 4.899992545871305083e+02 8.202073759358878533e+02 4.895985807465392980e+01 2.214427306509729121e+01 2.866512489194137459e+01 7.293000000000000682e+01 2.621119947433471609e+01 0.000000000000000000e+00
-4.703344726562500022e-01 3.129907226562499978e-01 7.742773437500000133e-01 9.432097071409226152e-03 6.101750194430351909e-02 2.868792452812194901e-02 4.802568200871716875e-01 3.987238322613599895e-01 7.925864808162434993e-01 5.754631619412764465e-01 1.440155783203182825e-07 3.203658639788627749e+00 -3.475608229637146274e-02 -7.621951401233495720e-04 9.437102360186655687e+02 2.947620063695663362e+02 6.115078649985861148e+02 3.088646410159242350e+01 1.716866955692323771e+01 2.479649910236578592e+01 7.109999999999999432e+01 2.621759984970092816e+01 0.000000000000000000e+00
-5.109155273437500089e-01 4.077075195312500067e-01 6.472705078124999512e-01 1.138172184824943339e-02 9.451897794604299796e-02 5.758168408870698030e-02 5.219352430418849886e-01 5.106313733294964852e-01 6.903193423138008766e-01 5.754631619412764465e-01 1.440155783203182825e-07 1.720731859803199759e+00 -1.840853692293167088e+00 -7.621951401233495720e-04 1.016647656518611484e+03 3.009685018043034006e+02 5.017718223283760608e+02 3.193131025579678806e+01 1.744583744395013980e+01 2.240461965010448253e+01 7.104999999999999716e+01 2.623479988098144489e+01 0.000000000000000000e+00
-4.990991210937499867e-01 4.720947265625000111e-01 6.455932617187499778e-01 1.455764972567557929e-02 7.611953318119049627e-02 6.532661482691759502e-02 5.134759803556825375e-01 5.468024908770187098e-01 6.943466529073011317e-01 5.754631619412764465e-01 1.440155783203182825e-07 2.007926973402500259e+00 -2.395122036337852478e+00 -7.621951401233495720e-04 9.475202417034529390e+02 4.229371952544494206e+02 6.063910776675027137e+02 3.084723670661555417e+01 2.070443925401990981e+01 2.470718349841205352e+01 7.143999999999999773e+01 2.627049989700317312e+01 0.000000000000000000e+00
-5.296777343749999867e-01 3.842285156249999889e-01 7.063208007812500355e-01 4.119592108726499030e-02 4.971796989440920023e-02 4.733555924296378725e-02 5.672340111275927521e-01 4.442403877562237646e-01 7.390701136287612938e-01 5.754631619412764465e-01 1.440155783203182825e-07 -1.586890306472778400e+00 -3.210366362333297863e-01 -7.621951401233495720e-04 1.058660633807355680e+03 5.923085490228455683e+02 8.998202845679625170e+02 3.257574027788368909e+01 2.433950725763875411e+01 3.005158413910847415e+01 7.314000000000000057e+01 2.628440021514892422e+01 0.000000000000000000e+00
-5.206372070312500488e-01 5.704687499999999689e-01 4.125512695312499867e-01 9.815921956896782319e-02 4.927347602844238394e-02 1.384299369990825146e-01 6.076366685069857221e-01 6.121340300579644067e-01 5.555434159369803115e-01 5.754631619412764465e-01 1.440155783203182825e-07 5.077744030058384261e+00 -1.565548843741416896e+00 -7.621951401233495720e-04 3.098191063626581581e+03 6.225071030576098110e+02 1.434228559655084155e+03 5.589252676397242681e+01 2.499916091071357727e+01 3.788217248052711028e+01 7.395000000000000284e+01 2.627730014801025504e+01 0.000000000000000000e+00
-5.034863281250000488e-01 6.439770507812500044e-01 3.096459960937499867e-01 8.293079981803894163e-02 4.682626945376396760e-02 1.214615448653698360e-01 5.800252429220940087e-01 6.793619884764532380e-01 4.661997294746753062e-01 5.754631619412764465e-01 1.440155783203182825e-07 1.797256102859973836e+00 -1.757622022330761036e+00 -7.621951401233495720e-04 4.584703091090779708e+03 8.392668692666363768e+02 1.675034427317686095e+03 6.773428393797375691e+01 2.902337169317201671e+01 4.123544244690618399e+01 7.415999999999999659e+01 2.631849988937377915e+01 0.000000000000000000e+00
-4.806127929687499800e-01 5.726660156249999689e-01 4.405761718749999778e-01 3.929778706431388130e-02 7.234337034225464536e-02 1.412660229206084972e-01 5.198907999085350395e-01 6.326845468273011308e-01 5.791143118112676014e-01 5.754631619412764465e-01 1.440155783203182825e-07 -1.036006128519773561e+01 -1.699390238523483365e+00 -7.621951401233495720e-04 4.225266467680185997e+03 6.882589436267447809e+02 1.024066313295674036e+03 6.582246833348958148e+01 2.628967232221682693e+01 3.228145835194286661e+01 7.298000000000000398e+01 2.639889966964721779e+01 0.000000000000000000e+00
-3.959497070312499867e-01 5.020458984375000266e-01 5.351000976562499956e-01 3.805243574976921450e-02 1.080861470460891538e-01 1.760857687652110926e-01 4.413939354453138564e-01 6.001135152485783664e-01 6.800131493412016059e-01 5.754631619412764465e-01 1.440155783203182825e-07 -7.792682944536209355e+00 -3.888109854757785921e+00 -7.621951401233495720e-04 4.803661623551362936e+03 7.131386448782893694e+02 1.066922976032096585e+03 6.974516134489492458e+01 2.698621950405343028e+01 3.272342275280792734e+01 7.164000000000000057e+01 2.648219951629638658e+01 0.000000000000000000e+00
-3.501562500000000022e-01 4.982373046874999933e-01 3.806640625000000111e-01 6.001926078796387259e-02 1.447976035833359043e-01 3.092468917369842196e-01 4.273507461114656181e-01 6.269274402716797923e-01 6.739080205903384968e-01 5.754631619412764465e-01 1.440155783203182825e-07 3.035671275854110895e+00 -4.445122396945953569e-01 -7.621951401233495720e-04 5.855050233818481502e+03 1.894130167261163024e+03 1.238018348128231992e+03 7.657849263281123342e+01 4.352387572806907912e+01 3.518559069324028599e+01 7.273999999999999488e+01 2.658850004196166950e+01 0.000000000000000000e+00
-4.019482421875000266e-01 5.954272460937499734e-01 4.379394531249999889e-02 9.285986397266392245e-02 1.343404110133648022e-01 2.979643175363539398e-01 5.044028681225801725e-01 6.991952634308615799e-01 5.476150355700510897e-01 5.754631619412764465e-01 1.440155783203182825e-07 8.436586127877236052e+00 4.794512234628200531e+00 -7.621951401233495720e-04 6.589029180017097133e+03 3.899199628250280966e+03 1.311654377029955185e+03 8.161008004842410912e+01 6.262736602970203847e+01 3.646188358802716323e+01 7.398999999999999488e+01 2.674670024871826257e+01 0.000000000000000000e+00
-3.663964843749999978e-01 6.387768554687499600e-01 1.888427734375000000e-01 1.517283309936523217e-01 9.749256045222280675e-02 2.036881905794143688e-01 5.347660373995453131e-01 7.110052260952567371e-01 4.892338741941131275e-01 5.754631619412764465e-01 1.440155783203182825e-07 -5.650609793663025293e+00 2.940548774003982402e+00 -7.621951401233495720e-04 5.100694346025751656e+03 3.066254677040550632e+03 1.306520473252467127e+03 7.164233201861866007e+01 5.545179441760965489e+01 3.614621554711676765e+01 7.301999999999999602e+01 2.686030006408691406e+01 0.000000000000000000e+00
-3.017724609374999867e-01 7.208056640625000178e-01 3.148999023437499822e-01 1.475613222360610821e-01 9.659060261249534374e-02 9.876512772440908250e-02 4.884955889425574571e-01 7.849531246877593516e-01 4.448899596759994246e-01 5.754631619412764465e-01 1.440155783203182825e-07 -1.120426876097917557e+01 -2.011280543506145602e+00 -7.621951401233495720e-04 3.859511732374738585e+03 9.858950586306167452e+02 9.213616374629830261e+02 6.312723161079529177e+01 3.146331686353654078e+01 3.037762621805525498e+01 7.307999999999999829e+01 2.692829975128173814e+01 0.000000000000000000e+00
-5.694726562499999867e-01 6.269213867187499734e-01 1.493676757812499867e-01 1.422229973316192497e-01 1.241507347285747964e-01 5.749809824824331228e-02 6.830242334998443132e-01 7.191530851313475692e-01 2.825045146834576637e-01 5.754631619412764465e-01 1.440155783203182825e-07 1.048780427575111363e+00 -2.996951324939727712e+00 -7.621951401233495720e-04 3.835918258336245344e+03 6.908271981193813644e+02 1.127925326688599853e+03 6.194366956131601398e+01 2.645390170397250174e+01 3.360720059982708818e+01 7.334999999999999432e+01 2.700839952468871985e+01 0.000000000000000000e+00
-6.599023437500000089e-01 4.932519531249999756e-01 3.254809570312500178e-01 7.350136747360230816e-02 1.046785456180572421e-01 1.082117772758006968e-01 7.134230657613653825e-01 5.898949354585818483e-01 4.627630394335519037e-01 5.754631619412764465e-01 1.440155783203182825e-07 3.374390342831611544e+00 3.408536195755004772e-01 -7.621951401233495720e-04 3.842371873976157076e+03 5.293689643168759176e+02 8.211134112862696384e+02 6.207864676490583378e+01 2.301054422448225267e+01 2.867147301846277330e+01 7.279999999999999716e+01 2.705299955368041864e+01 0.000000000000000000e+00
-3.786303710937499734e-01 3.413598632812500089e-01 5.646801757812499600e-01 2.190694482982158409e-01 1.282376567065715567e-01 1.139262118995190004e-01 6.020219316709373159e-01 4.947365086245053556e-01 6.578677016086610374e-01 5.754631619412764465e-01 1.440155783203182825e-07 -1.446341410577297149e+00 2.037195146381855171e+00 -7.621951401233495720e-04 2.892605382531292435e+03 5.285641296341640327e+02 4.858553364509634207e+02 5.380239108076182930e+01 2.308060427498825007e+01 2.204246544733712554e+01 7.295000000000000284e+01 2.664360004425048700e+01 0.000000000000000000e+00
3.942968749999999911e-01 7.210205078124999611e-02 3.048657226562500044e-01 5.499010335445403408e-01 3.352553135752676244e-02 1.549170802295207483e-01 8.398637146461954694e-01 1.967847480990047027e-01 4.978555905885143074e-01 5.754631619412764465e-01 1.440155783203182825e-07 -6.115853428840637429e-01 3.128048989176750450e-01 -7.621951401233495720e-04 5.125753772477786470e+02 2.102618852391025541e+02 2.488419494789112036e+02 2.264838656238914183e+01 1.450378337344740309e+01 1.579872122656374955e+01 1.023700000000000045e+02 2.532100028991699148e+01 0.000000000000000000e+00
1.004970703124999920e+00 1.651855468749999917e-02 8.400878906249999167e-03 8.648872375488277391e-07 1.200699806213378752e-06 3.394001722335816936e-06 1.004971133429609642e+00 1.655485876623964681e-02 8.600509759299853133e-03 5.754631619412764465e-01 1.440155783203182825e-07 6.893292868137358420e-01 -4.442073264718054970e-01 -7.621951401233495720e-04 2.210273058038307245e-03 1.324639238106925304e-03 1.258458566849136265e-03 6.909306323482637957e-01 4.456958471080204598e-01 5.341895087097019851e-02 1.327100000000000080e+02 2.452299995422363210e+01 0.000000000000000000e+00
1.004924316406250018e+00 1.646728515625000069e-02 8.195800781250000069e-03 8.893668651580808976e-07 1.032799482345581089e-06 3.567045927047730893e-06 1.004924758910553440e+00 1.649861448424070481e-02 8.410600238567152859e-03 5.754631619412764465e-01 1.440155783203182825e-07 6.777439206838606900e-01 -4.451219603419303006e-01 -7.621951401233495720e-04 2.432611083777330013e-03 1.282718462968185456e-03 1.630725836236145187e-03 6.795361896968462601e-01 4.465604976278252924e-01 5.367932097999428970e-02 1.334900000000000091e+02 2.470779962539672781e+01 0.000000000000000000e+00
1.004895019531250044e+00 1.634521484375000069e-02 8.278808593749999167e-03 8.444488048553478698e-07 1.155585050582885700e-06 3.301018476486205731e-06 1.004895439698835657e+00 1.638052603975001173e-02 8.475829765187303105e-03 5.754631619412764465e-01 1.440155783203182825e-07 6.689024555683134032e-01 -4.429878148436545149e-01 -7.621951401233495720e-04 2.153108809868345061e-03 1.198226469447594015e-03 1.791716325768805216e-03 6.705099580730978781e-01 4.443381939124785296e-01 5.555142558752379500e-02 1.341899999999999977e+02 2.488139989852905387e+01 0.000000000000000000e+00
1.004814453125000062e+00 1.626708984374999889e-02 8.352050781250000208e-03 9.323120117187507645e-07 1.010483503341673485e-06 3.067606687545775387e-06 1.004814917047365919e+00 1.629811938500807730e-02 8.533718939602153927e-03 5.754631619412764465e-01 1.440155783203182825e-07 6.646341621875762051e-01 -4.332317173480986772e-01 -7.621951401233495720e-04 1.877603252185520337e-03 1.306792843260278425e-03 1.442221960501597353e-03 6.660451732420006321e-01 4.347372928098566236e-01 5.315730545688895914e-02 1.344000000000000057e+02 2.504010034561157383e+01 0.000000000000000000e+00
1.004563551682692291e+00 1.631181318681318784e-02 8.163955185439560058e-03 1.047590679771699214e-06 1.207697637673377746e-06 3.057795293002062469e-06 1.004564073098388910e+00 1.634879038581038210e-02 8.349129269742298215e-03 5.754631619412764465e-01 1.440155783203182825e-07 6.563253959456641917e-01 -4.281694014648814162e-01 -7.621951401233495720e-04 2.070259081299335394e-03 1.387356268933492192e-03 1.253783995417196437e-03 6.579006645721920954e-01 4.297864500187602022e-01 5.433183734498316098e-02 1.317032967032967008e+02 2.513538482162978482e+01 0.000000000000000000e+00
1.004424304496951192e+00 1.626214748475609748e-02 8.092368521341463880e-03 9.164435745774809249e-07 1.697650911693130430e-06 2.830671030165962983e-06 1.004424760700252106e+00 1.631426037942425994e-02 8.265415858585953984e-03 5.754631619412764465e-01 1.440155783203182825e-07 6.506543842757618323e-01 -4.298036985281035172e-01 -7.621951401233495720e-04 2.294735744306161847e-03 1.487431244334049083e-03 1.137967844178233105e-03 6.524154071767286345e-01 4.315305904716035812e-01 5.593372997452581569e-02 1.291219512195121979e+02 2.517000007629394531e+01 0.000000000000000000e+00
