-1.769270833333333459e-01 -9.236295572916666252e-01 -1.213606770833333265e-01 1.242951865726046878e-02 4.244867473178436795e-03 5.022122092776829666e-02 2.091236750683689305e-01 9.259246333130891626e-01 2.548521823918590279e-01 5.706412028383684998e-01 3.292921739781323742e-04 -3.584552930196126308e+00 3.352439129352569491e+00 9.552845915158589829e-01 4.790383518454763134e+02 3.022717441371141831e+02 6.699050347165881192e+01 2.217853402627986625e+01 1.770623032305659095e+01 8.214547926871306416e+00 6.634666666666666401e+01 3.107106648763020829e+01 0.000000000000000000e+00
-1.501074218750000078e-01 -8.634277343749999778e-01 2.092447916666666588e-02 7.740254465738933762e-03 1.855104128519694320e-02 1.777109158409966028e-01 1.739899208796249763e-01 8.741043952372865578e-01 4.220767106455802775e-01 5.706412028383684998e-01 3.292921739781323742e-04 8.414634195963541785e-01 -4.032520329952238858e-01 9.552845915158589829e-01 7.917534458713170409e+01 4.365934580047398583e+01 2.012062811948753094e+01 8.937751690086857437e+00 6.619815556538471313e+00 4.485610437031715136e+00 6.740000000000000568e+01 3.137599945068359375e+01 0.000000000000000000e+00
-6.053059895833333426e-02 -6.669401041666667140e-01 6.634830729166666385e-01 2.428344620598689007e-03 8.494555621676976379e-03 7.506208542717822396e-02 7.805317438037527589e-02 6.732782917691028102e-01 7.178244029525056025e-01 5.706412028383684998e-01 3.292921739781323742e-04 1.522764240900675414e+00 -3.934959320227305324e-01 9.552845915158589829e-01 6.426725113972834436e+01 4.185150811968207307e+01 1.821395735450910536e+01 8.160028313253221199e+00 6.481230374566276708e+00 4.269738592675004440e+00 6.360000000000000142e+01 3.157253265380859375e+01 0.000000000000000000e+00
-7.802408854166666130e-02 -6.450390624999999822e-01 7.418554687499999689e-01 8.887464735243058849e-05 3.744391759236654032e-04 2.010911941528320524e-04 7.859155832600769886e-02 6.453292425783931918e-01 7.419909889671404413e-01 5.706412028383684998e-01 3.292921739781323742e-04 1.005284560918807912e+00 1.544714887936900552e-02 9.552845915158589829e-01 1.375242930256488982e+01 1.126942637850716800e+00 2.215853072087602182e+00 3.842268386121225898e+00 1.061687926021209760e+00 1.531621090684532893e+00 6.228000000000000114e+01 3.179119954427083172e+01 0.000000000000000000e+00
-9.529296874999999833e-02 -6.511295572916666607e-01 7.338444010416667052e-01 2.535170873006183730e-04 4.348690880669484819e-04 2.332327736748588710e-04 9.661401027019370091e-02 6.514634060842625640e-01 7.340032954380227848e-01 5.706412028383684998e-01 3.292921739781323742e-04 2.491869958241780536e-01 -1.556910661856333034e-01 9.552845915158589829e-01 1.141256176039941472e+01 2.149206273945826862e+00 3.565599989921833135e+00 3.387426149643308015e+00 1.474261164799454571e+00 1.991143931120698429e+00 6.394666666666666544e+01 3.198773284912109460e+01 0.000000000000000000e+00
-1.095442708333333320e-01 -6.518554687500000000e-01 7.327376302083333792e-01 1.193395826551648964e-04 2.483113606770833348e-04 2.117121590508355667e-04 1.100876326163018615e-01 6.520459059759208253e-01 7.328820825224034996e-01 5.706412028383684998e-01 3.292921739781323742e-04 -1.280487863222757039e-01 2.845528125762944709e-03 9.552845915158589829e-01 1.073034424925380925e+01 8.530184365539241753e-01 2.494469937666607073e+00 3.278222192123714240e+00 9.235943555393995030e-01 1.625530938886500243e+00 6.504000000000000625e+01 3.217773284912109233e+01 0.000000000000000000e+00
-1.152604166666666707e-01 -6.529557291666666652e-01 7.333593750000000355e-01 1.078122033013238318e-04 3.034724765353732250e-04 2.295987447102862964e-04 1.157271612607642525e-01 6.531880714833275814e-01 7.335158973363160584e-01 5.706412028383684998e-01 3.292921739781323742e-04 1.626015583674112613e-02 -4.268292387326564491e-02 9.552845915158589829e-01 1.236221855387834623e+01 1.596148258486653759e+00 3.587456268364262346e+00 3.516032273251509466e+00 1.264108417216270430e+00 1.964228751463384048e+00 6.679999999999999716e+01 3.231013437906901231e+01 0.000000000000000000e+00
-1.158300781249999994e-01 -6.513378906250000266e-01 7.360774739583333393e-01 2.040453592936197877e-04 3.668752670288085837e-04 3.195603264702690958e-04 1.167075505600953939e-01 6.516194618263433380e-01 7.362945117243174797e-01 5.706412028383684998e-01 3.292921739781323742e-04 5.060975559552510772e-01 1.434959463278451530e-01 9.552845915158589829e-01 1.063327906482943952e+01 1.972654621284477106e+00 2.251727534017748056e+00 3.299911180770371821e+00 1.411823539928768634e+00 1.530350157738180172e+00 6.893333333333333712e+01 3.240880035400390824e+01 0.000000000000000000e+00
-1.194726562500000033e-01 -6.438248697916666430e-01 7.403776041666666474e-01 2.257643381754556990e-04 5.296080483330623673e-04 4.381403817070856472e-04 1.204137862937883080e-01 6.442360367214717831e-01 7.406734348775311227e-01 5.706412028383684998e-01 3.292921739781323742e-04 6.434959518909454390e-01 -1.016259709994009677e-02 9.552845915158589829e-01 1.835664776164070844e+01 1.344247844332437047e+00 2.562343003264905938e+00 4.332520606037637556e+00 1.159461565862470733e+00 1.639862337146398286e+00 6.751999999999999602e+01 3.250426615397135066e+01 0.000000000000000000e+00
-1.125130208333333381e-01 -6.306770833333333881e-01 7.556152343750000000e-01 3.348011864556206594e-04 5.356202019585502502e-04 5.280001958211262818e-04 1.139911445836812448e-01 6.311015794971510662e-01 7.559645379350854455e-01 5.706412028383684998e-01 3.292921739781323742e-04 2.593496064345041652e-01 -4.130081351598103856e-01 9.552845915158589829e-01 1.470544358474733926e+01 5.056298211756055316e+00 1.982214839824414909e+01 3.843527780972198382e+00 2.286235755880009268e+00 4.547488813112487094e+00 6.573333333333333428e+01 3.261639928181966042e+01 0.000000000000000000e+00
-1.072233072916666669e-01 -5.684309895833333792e-01 8.014127604166666474e-01 1.456573698255750218e-04 1.753007210625543051e-03 9.041898939344620570e-04 1.079003938657721179e-01 5.699708739306887928e-01 8.019766844819093965e-01 5.706412028383684998e-01 3.292921739781323742e-04 9.951219562689462839e-01 5.081301061312357703e-01 9.552845915158589829e-01 1.175712610516567480e+02 9.812819111124625238e+00 7.541725413816202206e+00 1.088859627130628915e+01 3.173486303087121652e+00 2.825693778379351873e+00 6.673333333333333428e+01 3.277533391316731581e+01 0.000000000000000000e+00
-1.099023437500000061e-01 -5.381542968750000488e-01 8.253255208333333259e-01 9.925053914388018894e-05 5.103867212931318190e-04 1.990037494235568272e-04 1.103529596380950911e-01 5.386282892369456121e-01 8.254460727923033092e-01 5.706412028383684998e-01 3.292921739781323742e-04 1.308942965666453073e-01 1.955284591515858150e-01 9.552845915158589829e-01 9.489212621968901473e+00 7.242736187796575686e-01 3.335161799757442314e+00 3.083236276843306367e+00 8.732153211653189695e-01 1.915174615419329651e+00 6.714666666666666117e+01 3.292680058797200360e+01 0.000000000000000000e+00
-1.222200520833333359e-01 -5.359928385416666829e-01 8.243359375000000044e-01 2.403750313652886503e-04 1.142923312717013641e-03 4.727639516194664005e-04 1.231994974121972675e-01 5.370579543035092218e-01 8.246226420646133315e-01 5.706412028383684998e-01 3.292921739781323742e-04 3.052845569451649865e-01 2.040650435288747233e-01 9.552845915158589829e-01 1.033136307569687062e+01 1.204218083144944273e+00 1.051992841352250707e+01 3.228708989117178518e+00 1.116181268941288884e+00 3.271302229403383333e+00 6.665333333333333599e+01 3.307040074666340956e+01 0.000000000000000000e+00
-1.344173177083333448e-01 -5.469596354166667007e-01 8.142317708333333126e-01 9.398964775933163094e-05 8.952991061740454750e-04 4.317795011732313611e-04 1.347664830277259806e-01 5.477774565289329489e-01 8.144968730053904205e-01 5.706412028383684998e-01 3.292921739781323742e-04 -3.739836295445771175e-02 5.203253269195549230e-02 9.552845915158589829e-01 1.107484625553749780e+01 1.405804487682413617e+00 6.408038501843926760e+00 3.328099291350719913e+00 1.186807428414885290e+00 2.638337493454497196e+00 6.689333333333333087e+01 3.316480021158854186e+01 0.000000000000000000e+00
-1.499869791666666730e-01 -5.766959635416666341e-01 7.786718750000000133e-01 3.720802455478244147e-03 2.813041517469618003e-03 1.345513858795165975e-02 1.619163252270145459e-01 5.791297573797438147e-01 7.872642678948201800e-01 5.706412028383684998e-01 3.292921739781323742e-04 -1.134146205584208589e-01 1.743902448813120509e-01 9.552845915158589829e-01 1.575336042406081027e+01 5.528717309250525958e+00 1.383764174147639459e+01 3.970670384232014793e+00 2.357780580707265372e+00 3.733980075121755782e+00 6.784000000000000341e+01 3.323319941202799299e+01 0.000000000000000000e+00
-4.398177083333333348e-01 -7.361100260416666430e-01 2.576757812500000133e-01 3.949640810224744336e-02 1.085354896121555265e-02 1.261895596822102950e-01 4.826344627829974310e-01 7.434457070965430070e-01 4.388466337173023701e-01 5.706412028383684998e-01 3.292921739781323742e-04 -3.475609878698984745e-01 -9.065041740735377274e-02 9.552845915158589829e-01 3.125195904904575528e+01 1.068290187899503074e+01 9.920260973675871341e+00 5.601138963580072350e+00 3.269727722176750007e+00 3.178543515396376140e+00 6.393333333333333002e+01 3.324746709187825644e+01 0.000000000000000000e+00
-5.692838541666667140e-01 -7.637044270833333037e-01 7.628906250000000444e-02 1.802310990227592655e-02 9.958536359998916565e-03 4.315558967590332057e-02 5.848993216931701600e-01 7.701967205244912851e-01 2.213043396163577869e-01 5.706412028383684998e-01 3.292921739781323742e-04 3.869918604691823250e-01 -9.182927056153615819e-01 9.552845915158589829e-01 1.945552779192835544e+02 1.978998079779819008e+01 4.416954419767510842e+01 1.395367480699449914e+01 4.542382886876069392e+00 6.648797969229932825e+00 6.502666666666667084e+01 3.325813349405924413e+01 0.000000000000000000e+00
-3.740755208333333415e-01 -6.817675781249999956e-01 3.789648437500000022e-01 5.746116049024795752e-02 1.334816989898681555e-02 1.606086362838745341e-01 4.442900581568053897e-01 6.914876719663299864e-01 5.515641296189740528e-01 5.706412028383684998e-01 3.292921739781323742e-04 1.472357786099115939e+00 -9.223577070236206321e-01 9.552845915158589829e-01 7.636382355749458384e+01 7.204290592178315933e+01 3.717247850755107663e+01 8.861809127248298168e+00 8.537777794103629248e+00 6.143079045689737505e+00 6.661333333333332973e+01 3.329066640218098883e+01 0.000000000000000000e+00
-1.462011718750000078e-01 -5.577246093750000133e-01 8.042545572916666163e-01 3.598801930745444471e-04 9.155070622762042417e-04 2.648124270968967063e-04 1.474268050616909798e-01 5.585447582466176453e-01 8.044191726652912822e-01 5.706412028383684998e-01 3.292921739781323742e-04 5.682926948865254513e-01 2.792683005332946555e-01 9.552845915158589829e-01 3.587934884373926270e+00 8.830815478920025496e-01 2.399850401517161558e+00 1.977597398722832578e+00 9.803429663004455952e-01 1.636276104503582518e+00 6.418666666666666742e+01 3.336879974365234602e+01 0.000000000000000000e+00
-4.420540364583333548e-01 -6.813313802083332815e-01 3.315885416666666807e-01 5.522514580620658392e-02 1.081704987419975991e-02 1.485842970106336647e-01 5.006365118080303711e-01 6.892238384812239271e-01 5.084636250266683088e-01 5.706412028383684998e-01 3.292921739781323742e-04 1.609756207466123967e-01 4.837398529052726326e-02 9.552845915158589829e-01 1.125512004515403142e+01 3.996507568210849293e+00 2.148739020842734604e+01 3.358724935988176785e+00 1.999711881912926037e+00 4.636806869934020803e+00 6.564000000000000057e+01 3.340533335367838674e+01 0.000000000000000000e+00
-6.193131510416666208e-01 -7.745898437499999512e-01 -4.947916666666666435e-03 3.779360029432509978e-04 4.522459665934245947e-04 6.604231728447807403e-04 6.196182010368170845e-01 7.748817148489457463e-01 2.617069070897935779e-02 5.706412028383684998e-01 3.292921739781323742e-04 1.882113830248513808e-01 -1.174796740214029966e-01 9.552845915158589829e-01 5.470562837665814193e+00 2.222826101737152449e+00 1.408724068291411502e+00 2.346483829555606082e+00 1.495535882399792849e+00 1.352641942141345588e+00 6.725333333333333030e+01 3.338840052286784044e+01 0.000000000000000000e+00
-5.936816406249999512e-01 -7.747233072916667185e-01 1.409830729166666741e-02 1.132762997945149785e-02 1.428865326775444677e-03 1.840562994215223444e-02 6.031463507264577251e-01 7.756449369316567033e-01 1.363979186448330549e-01 5.706412028383684998e-01 3.292921739781323742e-04 1.383333326975504596e+00 -1.219918758471806752e+00 9.552845915158589829e-01 1.142190571750637957e+02 1.022016411940717262e+02 8.725277397692192238e+00 1.077648682403430058e+01 1.018282097315587187e+01 3.017541249044056073e+00 6.909333333333333371e+01 3.336466547648112169e+01 0.000000000000000000e+00
-2.473470052083333315e-01 -6.715559895833332904e-01 5.245963541666666119e-01 6.522286468082004462e-02 4.406614261203339877e-03 1.242754095289442806e-01 3.555325662528698860e-01 6.748289126930272497e-01 6.320417267347964163e-01 5.706412028383684998e-01 3.292921739781323742e-04 1.910162593921025609e+00 -9.764228185017903572e-01 9.552845915158589829e-01 1.170357017293977719e+02 9.917577551506067834e+01 8.290493199634489940e+00 1.098564621970928812e+01 1.000645676728539080e+01 2.923673001241163139e+00 6.650666666666666060e+01 3.333746693929036553e+01 0.000000000000000000e+00
-9.456705729166667296e-02 -7.463085937500000266e-01 4.896549479166666941e-01 1.054961600833469008e-02 2.398487879435221362e-02 1.332670383029513905e-01 1.396157023158213772e-01 7.622082365728244380e-01 6.107610058952887000e-01 5.706412028383684998e-01 3.292921739781323742e-04 1.069918694098790590e+00 5.004065275192260964e-01 9.552845915158589829e-01 4.326599311780394430e+01 1.070915432269288203e+01 2.237437022048912638e+01 6.664136788045845528e+00 3.310522770723186792e+00 4.840584114043545938e+00 6.728000000000000114e+01 3.335013478597004877e+01 0.000000000000000000e+00
-6.386718750000000555e-02 -9.719596354166666341e-01 -2.967122395833333287e-02 1.197753906250000923e-02 1.727742661370170428e-03 2.987916204664443128e-03 1.267144691882507723e-01 9.728480228384440709e-01 6.219564081067110312e-02 5.706412028383684998e-01 3.292921739781323742e-04 -2.154474933942160039e-02 7.963414895534515203e-01 9.552845915158589829e-01 4.918259979561801032e+01 1.182609536959576602e+01 2.275106610287483377e+01 7.013063807769190916e+00 3.529908658532110444e+00 4.866695477343108145e+00 6.874666666666666970e+01 3.338800048828125000e+01 0.000000000000000000e+00
-3.613281250000000000e-02 -9.799381510416667052e-01 -2.440429687499999847e-02 3.610769907633463614e-04 3.258107079399960126e-04 8.819062550862631026e-04 4.082471224544641231e-02 9.801043773878883592e-01 3.843794949069731515e-02 5.706412028383684998e-01 3.292921739781323742e-04 -2.735772256056467899e-01 -3.292683760325119252e-02 9.552845915158589829e-01 2.672028131423466846e+01 5.751159345386006372e+00 8.093744281342466707e+00 5.176400855092730069e+00 2.398383522712862259e+00 2.975574441432552675e+00 6.962666666666666515e+01 3.340226750691731894e+01 0.000000000000000000e+00
-5.082031249999999917e-02 -8.015234374999999911e-01 3.675651041666666563e-01 1.005953216552734480e-03 3.466308186848958417e-02 1.513818602455987150e-01 5.990540358891166539e-02 8.228626268887815343e-01 5.352438379343111841e-01 5.706412028383684998e-01 3.292921739781323742e-04 3.406504340966542421e-01 -5.138211607933044212e-01 9.552845915158589829e-01 1.176307223385289191e+01 5.796592115274127544e+00 4.517963067735009552e+00 3.446609196312097723e+00 2.461829462118183987e+00 2.239634558064488967e+00 6.762666666666666515e+01 3.340760009765624972e+01 0.000000000000000000e+00
-7.317057291666666241e-02 -6.158398437500000044e-01 7.692871093750000000e-01 1.606874042087130924e-04 2.982908248901367659e-04 2.037954330444335872e-04 7.426048845221762396e-02 6.160819782909694453e-01 7.694195553035987345e-01 5.706412028383684998e-01 3.292921739781323742e-04 6.097560048103326663e-02 -1.004065080483754202e-01 9.552845915158589829e-01 2.124521850282816260e+01 1.477289753867675692e+00 3.069967464685632308e+00 4.609656877326358426e+00 1.219578296267257000e+00 1.909763550174721214e+00 6.492000000000000171e+01 3.340253295898437358e+01 0.000000000000000000e+00
-8.284830729166667296e-02 -7.509375000000000355e-01 4.760058593750000067e-01 1.700011083814832215e-03 4.605318234761554552e-02 1.303089579900105488e-01 9.254108873851259187e-02 7.809995590612490712e-01 5.974031604782007454e-01 5.706412028383684998e-01 3.292921739781323742e-04 3.252032645543415645e-01 1.081300787130990704e-01 9.552845915158589829e-01 1.825987419146951751e+01 2.258459677994839598e+00 5.658137650694158971e+00 4.285514129570256792e+00 1.506702290406880751e+00 2.513260553597034708e+00 6.693333333333333712e+01 3.344039901733398779e+01 0.000000000000000000e+00
-1.226269531249999933e-01 -5.273177083333333570e-01 7.740657552083333171e-01 1.451467768351237140e-03 2.746339253319634438e-02 6.264140474531387781e-02 1.284088680779960079e-01 5.527452922052930040e-01 8.135227090447821885e-01 5.706412028383684998e-01 3.292921739781323742e-04 2.646341598033903897e-01 1.979674804210662942e-01 9.552845915158589829e-01 2.027300685330519769e+01 5.333343001529360805e+00 3.189276369544741474e+00 4.510325719040703341e+00 2.317872758551173362e+00 1.815295592208014508e+00 6.584000000000000341e+01 3.350586746215820000e+01 0.000000000000000000e+00
-1.326399739583333237e-01 -4.838411458333333193e-01 8.567513020833333881e-01 3.233524534437391034e-04 1.283683289421929438e-03 4.433315489027237172e-04 1.338533344564530603e-01 4.851658867755799798e-01 8.570099912897105598e-01 5.706412028383684998e-01 3.292921739781323742e-04 2.849593540032704930e-01 -5.203252116839091057e-02 9.552845915158589829e-01 1.595004279408550296e+01 1.236701421957244307e+01 5.774404433254639812e+00 4.003903673606479252e+00 3.517061501144326030e+00 2.427482919573526132e+00 6.666666666666667140e+01 3.355720057169596515e+01 0.000000000000000000e+00
-1.348372395833333237e-01 -5.025520833333333437e-01 8.458430989583333171e-01 4.522494845920140309e-04 1.200863986545138481e-03 4.400192472669814565e-04 1.365039584152974161e-01 5.037454321869516694e-01 8.461031658744126993e-01 5.706412028383684998e-01 3.292921739781323742e-04 2.008130002021788485e-01 -1.174796775976816865e-01 9.552845915158589829e-01 1.355212979896189829e+01 9.452179599332579230e+00 5.909264631014441882e+00 3.686794767818260432e+00 3.076683453652817146e+00 2.456139202562412915e+00 6.812000000000000455e+01 3.360600051879882955e+01 0.000000000000000000e+00
-1.491308593750000078e-01 -5.193001302083333215e-01 8.324316406249999689e-01 2.650341033935546065e-04 4.976827197604710012e-04 1.379627227783202859e-04 1.500168234609691453e-01 5.197790953416195903e-01 8.325145037994278185e-01 5.706412028383684998e-01 3.292921739781323742e-04 4.162601582209268236e-01 2.036585442225138376e-01 9.552845915158589829e-01 7.086791261144187004e+00 1.361222584287399062e+00 2.058291103086780982e+00 2.694450552611106442e+00 1.184356106465547898e+00 1.467647191894333902e+00 6.490666666666666629e+01 3.364866622924805029e+01 0.000000000000000000e+00
-1.606933593750000111e-01 -5.244628906249999556e-01 8.284830729166666741e-01 3.604984283447266080e-04 3.710206349690754832e-04 2.452601326836481056e-04 1.618111682658759654e-01 5.248164862861111057e-01 8.286310772847748085e-01 5.706412028383684998e-01 3.292921739781323742e-04 1.063414622147877964e+00 4.219512287775675219e-01 9.552845915158589829e-01 1.669008941463164675e+01 3.335292622341564428e+00 9.220255732312388375e+00 4.221485529198170994e+00 1.874389357046305937e+00 3.042041429940976816e+00 6.466666666666667140e+01 3.367746643066406165e+01 0.000000000000000000e+00
-8.775716145833332982e-02 -7.229069010416666607e-01 3.691634114583333126e-01 3.776021469963921576e-03 4.653651392194959463e-02 2.686603453530206909e-01 1.071323520566402343e-01 7.544076494148344025e-01 6.363505085348603041e-01 5.706412028383684998e-01 3.292921739781323742e-04 -2.482520386775334487e+00 1.158536438147226427e-01 9.552845915158589829e-01 6.294707592830383192e+02 5.647596201711429842e+01 2.759821090174206404e+01 2.521177635062221611e+01 7.515941995778000262e+00 5.288997230934740834e+00 6.873333333333333428e+01 3.364933380126953466e+01 0.000000000000000000e+00
-1.930989583333333204e-01 -7.591471354166666741e-01 2.573730468750000111e-01 5.104059749179414018e-02 3.743907186720106528e-02 2.162624518076577962e-01 2.971999414556008579e-01 7.834177972694594816e-01 5.315104298745029210e-01 5.706412028383684998e-01 3.292921739781323742e-04 6.613821081320444550e-01 -4.833333559830983450e-01 9.552845915158589829e-01 7.549030807374150243e+01 3.759592067711202645e+01 6.145453955320649975e+00 8.713652183022841058e+00 6.150571665310298641e+00 2.557123129548298568e+00 6.820000000000000284e+01 3.360053446451822623e+01 0.000000000000000000e+00
-2.706803385416666763e-01 -5.008203125000000311e-01 7.067122395833332904e-01 3.236143711937799344e-02 2.407418670654296738e-02 1.159266217125786563e-01 3.250065888446098117e-01 5.243044650955593911e-01 7.844544673143684088e-01 5.706412028383684998e-01 3.292921739781323742e-04 3.191056970755258293e-01 6.308943323294321504e-01 9.552845915158589829e-01 2.022688294562995281e+01 6.633650376688295935e+00 7.499228135612932888e+00 4.508737228042460465e+00 2.651731139322706987e+00 2.866273197692176034e+00 6.564000000000000057e+01 3.359466695149739479e+01 0.000000000000000000e+00
-4.800130208333333592e-02 -4.343782552083333415e-01 8.552864583333333881e-01 6.435019476148816364e-02 2.690008947584363649e-03 1.272198507520887938e-03 2.581749789642358017e-01 4.374636871163369300e-01 8.560298618131833015e-01 5.706412028383684998e-01 3.292921739781323742e-04 8.304878290494283055e-01 3.333335717519127217e-02 9.552845915158589829e-01 5.842903395916314935e+01 8.755705731243971002e+00 6.254151826501023415e+00 7.688871438212657061e+00 2.959191924148303343e+00 2.523162617484355330e+00 6.671999999999999886e+01 3.361533264160156165e+01 0.000000000000000000e+00
2.614420572916666408e-01 -4.494042968749999978e-01 8.276562499999999822e-01 2.323220305972628630e-02 5.029660606384277026e-03 1.472949600219726658e-03 3.026287368718070248e-01 4.549658038315598785e-01 8.285456039134371231e-01 5.706412028383684998e-01 3.292921739781323742e-04 1.313008395830789765e-01 6.341463692982991507e-01 9.552845915158589829e-01 1.111840456242721160e+02 2.724702693048227076e+01 2.142296353400228526e+01 1.054520201488560183e+01 5.258247668965058352e+00 4.631642565776217246e+00 6.951999999999999602e+01 3.361400054931640824e+01 0.000000000000000000e+00
7.240559895833333093e-02 -5.300358072916666607e-01 8.086881510416666918e-01 2.960793363783094378e-02 9.348028458489310299e-03 3.464328278435600556e-03 1.866828979803611954e-01 5.387819461246062813e-01 8.108272651518478868e-01 5.706412028383684998e-01 3.292921739781323742e-04 5.150407091776529889e-01 9.719512220223744947e-01 9.552845915158589829e-01 1.947760964290090726e+02 8.634270651648061801e+01 1.008870269343251067e+02 1.396572101114436570e+01 9.342772377323091959e+00 1.006844666393705445e+01 6.595999999999999375e+01 3.357053304036458030e+01 0.000000000000000000e+00
-1.641927083333333259e-01 -6.367285156249999911e-01 5.950455729166667096e-01 5.951075765821669389e-02 1.972258001963297577e-02 1.201541137271457393e-01 2.940578227628908858e-01 6.520320411066076183e-01 6.886460248740783330e-01 5.706412028383684998e-01 3.292921739781323742e-04 8.292685508728028787e-02 -3.678861864407857452e-01 9.552845915158589829e-01 1.682946367199169231e+02 3.632925454175860835e+01 6.911722355312097932e+01 1.297310732181043669e+01 6.038592119685891824e+00 8.334718566158745290e+00 6.186666666666666714e+01 3.353399887084960795e+01 0.000000000000000000e+00
-5.307877604166666430e-01 -7.762467447916666652e-01 4.395833333333333537e-02 2.295001438988578807e-02 9.137605624728739259e-03 6.575045886569549913e-02 5.519833883352165405e-01 7.821103594917967472e-01 2.601591703844782222e-01 5.706412028383684998e-01 3.292921739781323742e-04 3.670731842517852561e-01 1.951218525568630680e-02 9.552845915158589829e-01 6.419263330442419146e+01 8.619191295164490896e+00 5.318217752380252072e+00 8.020434902611011552e+00 2.935910765084310814e+00 2.359191533931789930e+00 6.551999999999999602e+01 3.355933354695638116e+01 0.000000000000000000e+00
-5.928059895833333037e-01 -7.887141927083333171e-01 -5.978841145833333620e-02 3.780465655856661295e-04 6.602941724989151804e-04 2.722636180453830330e-03 5.931247658389091626e-01 7.891326706910929412e-01 7.935546814911241531e-02 5.706412028383684998e-01 3.292921739781323742e-04 2.449187051057815534e+00 -1.699187000592551622e-01 9.552845915158589829e-01 4.451530330752272135e+01 6.189227274543862123e+00 3.152174740135023079e+00 7.107307543549242546e+00 2.493611765927825186e+00 1.781625543841029335e+00 6.769333333333332803e+01 3.355546641031901345e+01 0.000000000000000000e+00
-3.661588541666666585e-01 -8.018717447916666741e-01 2.724283854166666824e-02 1.138428406609428845e-01 2.612967544131808428e-02 6.469017520480685457e-02 4.979107823150540901e-01 8.180024269747309118e-01 2.557974735149160517e-01 5.706412028383684998e-01 3.292921739781323742e-04 1.736991933981577585e+00 -1.330081253846486344e+00 9.552845915158589829e-01 2.093499542075891213e+02 2.094235561177651732e+02 2.361481667772141577e+02 1.457282042661290156e+01 1.453246958571044267e+01 1.541678663411562233e+01 6.909333333333333371e+01 3.354320037841797131e+01 0.000000000000000000e+00
-1.662923177083333315e-01 -9.053320312499999467e-01 2.063802083333333287e-03 7.467842631869845219e-03 1.185859495798746374e-02 9.649479117923312477e-02 1.874059165572931340e-01 9.118578188321019296e-01 3.106429629949346016e-01 5.706412028383684998e-01 3.292921739781323742e-04 -8.829268042246500858e-01 1.544715551535288389e-01 9.552845915158589829e-01 1.057547242270845942e+02 4.407821327256868216e+01 1.880308732088112222e+01 1.032154465032743573e+01 6.640939296057466024e+00 4.341225219754654141e+00 7.023999999999999488e+01 3.352560058593749659e+01 0.000000000000000000e+00
-6.444010416666666463e-02 -6.904394531249999911e-01 5.837630208333333126e-01 1.267680310143365352e-02 2.502367566426594997e-02 1.033113307529025665e-01 1.297279080477462265e-01 7.083292413107163954e-01 6.664012269236614383e-01 5.706412028383684998e-01 3.292921739781323742e-04 -2.020325217247009419e+00 -7.077235619227091323e-01 9.552845915158589829e-01 3.774646581136960322e+02 7.738051284854492451e+01 5.013337467104894927e+02 1.953321202713829763e+01 8.825043087070193693e+00 2.241642112256456443e+01 7.164000000000000057e+01 3.349706736246744754e+01 0.000000000000000000e+00
-2.245117187499999847e-02 -6.079459635416666341e-01 7.664485677083333615e-01 3.419045511881511901e-03 5.431281238132050146e-03 2.097123103671604070e-03 6.263465997706302302e-02 6.123965837794472789e-01 7.678154270694403927e-01 5.706412028383684998e-01 3.292921739781323742e-04 -6.109756120045979344e-01 1.093495821952819164e-01 9.552845915158589829e-01 1.613308224522052114e+02 2.519626557220656338e+01 1.169839208901911718e+02 1.271629323547824164e+01 5.020779113178835296e+00 1.086918161525146331e+01 6.870666666666666345e+01 3.345466618855794394e+01 0.000000000000000000e+00
-2.163736979166666630e-02 -6.219010416666667096e-01 7.645507812499999778e-01 3.247049289279514521e-03 3.594086922539604847e-03 2.686953544616699132e-03 6.095264605233183253e-02 6.247839566991334470e-01 7.663059771753069072e-01 5.706412028383684998e-01 3.292921739781323742e-04 1.642276469071706213e+00 4.918696920077005735e-02 9.552845915158589829e-01 1.754074929091190143e+02 9.414512966499339086e+01 1.728702355712341330e+02 1.334558222446610642e+01 9.702965991022153958e+00 1.339293330714937191e+01 6.551999999999999602e+01 3.346906560262043939e+01 0.000000000000000000e+00
-1.615234374999999917e-02 -6.489973958333333792e-01 7.328710937500000355e-01 2.469612820943196604e-03 4.596159892612034469e-03 3.629921340942383629e-03 5.225429197263475184e-02 6.525287577502315584e-01 7.353434309186854811e-01 5.706412028383684998e-01 3.292921739781323742e-04 3.316666775147119939e+00 1.243089452981948950e+00 9.552845915158589829e-01 1.626398406129707723e+02 5.719803979915664627e+01 5.432229449347694583e+01 1.317725764756595908e+01 7.664418515926150199e+00 7.375351545240396156e+00 6.623999999999999488e+01 3.349693328857421903e+01 0.000000000000000000e+00
-3.274739583333333495e-03 -6.296289062500000089e-01 7.507454427083333215e-01 1.586446910434299385e-03 4.235451126098633591e-03 1.783469348483614995e-03 3.996461972511372585e-02 6.329834205661866164e-01 7.519323035325820026e-01 5.706412028383684998e-01 3.292921739781323742e-04 1.795121962229410784e+00 -7.073171099026998032e-01 9.552845915158589829e-01 4.748152675239435325e+02 3.347744711181518085e+01 9.886553400216364196e+01 2.186407396582855256e+01 5.829043198139491899e+00 9.944270935963546165e+00 6.822666666666667368e+01 3.349400100708007955e+01 0.000000000000000000e+00
-3.756184895833333121e-02 -6.279459635416666519e-01 7.519824218749999734e-01 5.381478775872127265e-03 7.000788582695854217e-03 2.509277598063151815e-03 8.241584358022899237e-02 6.334957945487625919e-01 7.536490167226741477e-01 5.706412028383684998e-01 3.292921739781323742e-04 3.579674848318100011e+00 -1.332520393927892011e+00 9.552845915158589829e-01 3.910158934964364903e+02 5.436627488144698361e+01 2.377171843065726478e+02 2.009552103121782096e+01 7.492788898779993545e+00 1.542116659408831758e+01 6.658666666666667311e+01 3.346773335774739877e+01 0.000000000000000000e+00
-6.773437499999999944e-02 -6.079101562500000000e-01 7.749348958333333037e-01 1.962663714090982867e-03 2.248977025349934919e-03 8.104695214165582272e-04 8.093583428081536912e-02 6.097571115593891644e-01 7.754576470070017047e-01 5.706412028383684998e-01 3.292921739781323742e-04 -6.528455468018851127e-01 9.593497276306152399e-02 9.552845915158589829e-01 4.677838586767832396e+01 3.029790748550947654e+01 9.939340333940799610e+01 6.870559888077344191e+00 5.505189461272749440e+00 1.004236304779898603e+01 6.856000000000000227e+01 3.347839965820312358e+01 0.000000000000000000e+00
-5.756835937500000278e-02 -6.426757812500000222e-01 7.524218750000000178e-01 1.281886100769042726e-03 3.603472709655760296e-03 2.021725591023761440e-03 6.779382052885198073e-02 6.454731849697193935e-01 7.537641564637703739e-01 5.706412028383684998e-01 3.292921739781323742e-04 -1.628455343246459908e+00 4.532520401477812544e-01 9.552845915158589829e-01 1.004230712840162170e+02 2.605763923988555675e+01 1.413487139385277374e+02 1.015258282847099736e+01 5.124751374631132173e+00 1.196422956219777056e+01 6.912000000000000455e+01 3.348680043538411155e+01 0.000000000000000000e+00
-5.216145833333333398e-02 -6.472395833333333126e-01 7.419694010416666430e-01 2.594254006279839760e-03 4.349069870842828950e-03 2.512637095981174254e-03 7.290453855378216386e-02 6.505906148295944602e-01 7.436606949261946875e-01 5.706412028383684998e-01 3.292921739781323742e-04 -5.979674470424651833e-01 6.117886606852213083e-01 9.552845915158589829e-01 9.431187166075270056e+01 4.718506998562009613e+01 2.313893441111456184e+02 9.729822029640375902e+00 6.896329121421271857e+00 1.542806546689318914e+01 7.068000000000000682e+01 3.349186604817708002e+01 0.000000000000000000e+00
-4.021158854166666935e-02 -6.330664062499999911e-01 7.495540364583332948e-01 1.753031052483453294e-03 3.661925697326659426e-03 1.051774618360731437e-03 5.805172612014005556e-02 6.359520425469334937e-01 7.502553086712157038e-01 5.706412028383684998e-01 3.292921739781323742e-04 2.568699180682500138e+00 1.568292742172876952e+00 9.552845915158589829e-01 1.931028451991121244e+02 5.194731213974262829e+01 2.470722881825923594e+02 1.413156257035827856e+01 7.376100207080617643e+00 1.580438909562541916e+01 7.150666666666666060e+01 3.351159952799478958e+01 0.000000000000000000e+00
-5.402994791666666796e-02 -6.411132812500000000e-01 7.420540364583333437e-01 1.840000110202366168e-03 2.822181383768717321e-03 1.305272250705295616e-03 6.898721172855211414e-02 6.433105166083563642e-01 7.429330153350373056e-01 5.706412028383684998e-01 3.292921739781323742e-04 1.048780457576115932e+00 7.459349660078684607e-01 9.552845915158589829e-01 1.633482338338427553e+02 1.583044215740117799e+01 1.954692036532582620e+02 1.282373480239030705e+01 4.048068814992444864e+00 1.406014254079648751e+01 6.922666666666667368e+01 3.348453297932942974e+01 0.000000000000000000e+00
-3.027343750000000000e-02 -6.328613281249999556e-01 7.531868489583333215e-01 2.518396377563476580e-03 4.252309799194338436e-03 2.266810565524631210e-03 5.860782708503944199e-02 6.362120483261325399e-01 7.546901615956761455e-01 5.706412028383684998e-01 3.292921739781323742e-04 2.214634230534235471e+00 4.593493978182473098e-02 9.552845915158589829e-01 3.265248989010869991e+02 7.378999642596677688e+01 1.501096986151017063e+02 1.820520540054796754e+01 8.590233200831018934e+00 1.230149842724719100e+01 6.801333333333333542e+01 3.349799870808919167e+01 0.000000000000000000e+00
-2.515950520833333190e-02 -6.363704427083333171e-01 7.450813802083333659e-01 2.446371544731987951e-03 6.290377256605359998e-03 3.457086393568250746e-03 5.549209175243027120e-02 6.412937841655769189e-01 7.473977184382644134e-01 5.706412028383684998e-01 3.292921739781323742e-04 2.699593532880147251e+00 -2.178861967722574844e-01 9.552845915158589829e-01 3.747086152725900092e+02 4.858372680301071966e+01 8.586666744091587589e+01 1.954472871429425851e+01 6.973607473736574747e+00 9.327153349982957309e+00 6.679999999999999716e+01 3.354506556193033617e+01 0.000000000000000000e+00
-4.490885416666666463e-02 -6.564746093750000178e-01 7.260611979166666785e-01 2.004086007012260973e-03 7.855221048990886773e-03 5.198581843905978814e-03 6.341049747143760740e-02 6.624304746937973443e-01 7.296324039981303411e-01 5.706412028383684998e-01 3.292921739781323742e-04 1.793495934804280489e+00 4.817073412736256888e-01 9.552845915158589829e-01 2.000789602019038114e+02 2.179461766244686416e+01 9.375194105960885338e+01 1.425817617614760913e+01 4.693256824965342133e+00 9.722142660326611008e+00 6.838666666666667027e+01 3.358133331298827784e+01 0.000000000000000000e+00
-1.893554687500000056e-02 -6.392545572916666918e-01 7.432910156249999956e-01 2.057266616821288360e-03 2.497520277235243912e-03 2.258441225687663357e-03 4.915100764253578502e-02 6.412050446584149910e-01 7.448086835788984006e-01 5.706412028383684998e-01 3.292921739781323742e-04 6.012195471922556766e-01 3.727642389138539625e-01 9.552845915158589829e-01 3.540540354753502328e+01 3.274231186147068762e+00 4.208479922110575444e+01 5.980540819312335721e+00 1.847480544947656789e+00 6.491201659930339929e+00 6.854666666666666686e+01 3.361333465576171875e+01 0.000000000000000000e+00
-5.192057291666666435e-03 -6.677832031249999467e-01 7.231998697916666163e-01 2.771843804253472376e-03 3.969793065388999009e-03 2.697382884555393680e-03 5.290369801037939773e-02 6.707489839286184807e-01 7.250623659736029625e-01 5.706412028383684998e-01 3.292921739781323742e-04 -1.532520314057667921e-01 -2.024390443166096953e-01 9.552845915158589829e-01 7.182830481496147002e+01 8.930489072492484581e+00 1.374694006299538671e+02 8.476543576251552636e+00 2.995241332373119736e+00 1.189883955170750873e+01 6.509333333333333371e+01 3.365880040486653968e+01 0.000000000000000000e+00
-2.625651041666666671e-02 -6.584993489583332860e-01 7.278287760416666252e-01 2.837458123101127550e-03 6.297394900851780754e-03 4.169552633497449791e-03 5.938739312650163221e-02 6.632637390053828241e-01 7.306875391491276517e-01 5.706412028383684998e-01 3.292921739781323742e-04 -4.272358405590057640e-01 -3.252032538255055782e-01 9.552845915158589829e-01 1.824897574783453820e+02 2.056353811492898132e+01 7.430882965024298414e+01 1.351563124466643551e+01 4.546349664426140080e+00 8.651427848337345239e+00 6.774666666666666970e+01 3.367293345133463589e+01 0.000000000000000000e+00
-3.995442708333333398e-02 -6.301171875000000089e-01 7.508723958333333171e-01 2.727975040011935710e-03 4.517010752360026832e-03 2.247578578525120680e-03 6.575964783641512212e-02 6.336913134447008655e-01 7.523675520668173800e-01 5.706412028383684998e-01 3.292921739781323742e-04 2.605690987904866751e-01 -8.500000095367431507e-01 9.552845915158589829e-01 1.952087264355780007e+02 3.074239012359680956e+01 8.998830606936660104e+01 1.397414121478749038e+01 5.609357373158644577e+00 9.803925234038128878e+00 6.551999999999999602e+01 3.367586690266927008e+01 0.000000000000000000e+00
-1.300781250000000028e-02 -6.247330729166666874e-01 7.588574218750000488e-01 1.332589085896809756e-03 1.250583606296115733e-03 4.697268168131511963e-04 3.875296468571103048e-02 6.257331667749418402e-01 7.591668548821035589e-01 5.706412028383684998e-01 3.292921739781323742e-04 4.105691353480021150e-02 -1.650406571229298403e-01 9.552845915158589829e-01 5.958463835105767714e+01 1.292244472198092176e+01 1.597590775809863217e+01 7.719217837398208992e+00 3.598566817565637344e+00 4.059089209127073161e+00 6.598666666666666458e+01 3.367586613972981979e+01 0.000000000000000000e+00
-1.972330729166666546e-02 -6.641471354166667007e-01 7.250781250000000178e-01 1.925618320041232482e-03 6.300493070814342997e-03 2.809892908732095681e-03 4.811057233667818261e-02 6.688736132880250818e-01 7.270131912573853938e-01 5.706412028383684998e-01 3.292921739781323742e-04 2.060162651538848699e+00 -9.524390717347462898e-01 9.552845915158589829e-01 1.318189935838768747e+02 2.452684274408812115e+01 8.409833460548580319e+01 1.166461588457469745e+01 5.043211568976167847e+00 9.246286080673536745e+00 6.735999999999999943e+01 3.372360041300455435e+01 0.000000000000000000e+00
-4.516927083333333037e-02 -6.661002604166667007e-01 7.168977864583333526e-01 1.677033890618218797e-03 5.058025508456758315e-03 2.901072650485567520e-03 6.096963931526277330e-02 6.698862458922468788e-01 7.189182908226384727e-01 5.706412028383684998e-01 3.292921739781323742e-04 3.994715579350789358e+00 2.678861912091572983e-01 9.552845915158589829e-01 2.312633702909472504e+02 1.363068423644523541e+01 1.193896218547155570e+02 1.572326692678259263e+01 3.701681678357254590e+00 1.105738744974484433e+01 6.870666666666666345e+01 3.375706548055013201e+01 0.000000000000000000e+00
-4.168294270833333010e-02 -6.304036458333333037e-01 7.499023437499999778e-01 1.428216828240289234e-03 6.732124222649469095e-03 3.260208765665690255e-03 5.626441629543923323e-02 6.357207570172679345e-01 7.520729578487773681e-01 5.706412028383684998e-01 3.292921739781323742e-04 1.150000057617823312e+00 6.800813408692677475e-01 9.552845915158589829e-01 1.933337790869425703e+02 6.825917498955398344e+01 1.868989636831201722e+02 1.395192743743543140e+01 8.289854378681964064e+00 1.373525693522911517e+01 6.865333333333333599e+01 3.374293238321940436e+01 0.000000000000000000e+00
-5.867513020833333565e-02 -6.283040364583333259e-01 7.574023437500000400e-01 1.841151449415419014e-03 3.426239225599500213e-03 1.583695665995279956e-03 7.269059330051096113e-02 6.310247233313717174e-01 7.584471016385970765e-01 5.706412028383684998e-01 3.292921739781323742e-04 2.365853722492853972e+00 -1.170731600125630989e-01 9.552845915158589829e-01 1.015788540471180426e+02 6.826493243373251474e+00 4.937372248381673216e+02 1.035258991186994315e+01 2.615377481008922977e+00 2.234648309625043794e+01 6.769333333333332803e+01 3.371546651204427292e+01 0.000000000000000000e+00
-3.097330729166666505e-02 -6.308463541666666785e-01 7.547916666666666385e-01 3.186943266126844327e-03 3.724891175164117291e-03 1.589509285820855282e-03 6.439168448418519652e-02 6.337917747498301724e-01 7.558438789560085747e-01 5.706412028383684998e-01 3.292921739781323742e-04 2.294715510606765818e+00 -2.621951123078664070e-01 9.552845915158589829e-01 1.377136543286938775e+02 4.198696585508805157e+01 5.554274355446526670e+02 1.195739827902847274e+01 6.485037558257173984e+00 2.359067010070502945e+01 6.856000000000000227e+01 3.374933242797851562e+01 0.000000000000000000e+00
-3.379557291666666907e-02 -6.353027343749999556e-01 7.548600260416666874e-01 3.455462731255423692e-03 2.835659980773925538e-03 1.852658865186903973e-03 6.780563014987146808e-02 6.375305673339324297e-01 7.560861840959749447e-01 5.706412028383684998e-01 3.292921739781323742e-04 4.483739701906839792e-01 5.247967751820882265e-01 9.552845915158589829e-01 8.329644763817593400e+01 4.064992177694609410e+01 2.272564001531357576e+02 9.137695927055162315e+00 6.397291101097993149e+00 1.507865680878371428e+01 6.754666666666666686e+01 3.373146591186523580e+01 0.000000000000000000e+00
-9.609374999999999861e-03 -6.670703125000000400e-01 7.299739583333333393e-01 8.919567108154296924e-04 5.306156730651856099e-03 3.573735512627495333e-03 3.137350472462480111e-02 6.710357356724748756e-01 7.324177191722375246e-01 5.706412028383684998e-01 3.292921739781323742e-04 -1.166666720708211313e+00 3.585365931193033595e-01 9.552845915158589829e-01 6.988420711728596757e+01 2.332411025777785696e+01 6.637164450939636140e+01 8.440694186765329121e+00 4.842794518290391537e+00 8.151540055304593579e+00 6.790666666666666629e+01 3.374559987386067661e+01 0.000000000000000000e+00
-2.535807291666666505e-02 -6.646289062500000400e-01 7.297786458333332948e-01 1.527875794304742576e-03 5.948229090372719047e-03 4.346864022148982931e-03 4.659300007889302653e-02 6.690887923986202912e-01 7.327508007068179730e-01 5.706412028383684998e-01 3.292921739781323742e-04 -2.777642332315445106e+00 1.219512144724521456e-02 9.552845915158589829e-01 9.593854777175424431e+01 3.000129067360071389e+01 8.819419124147090372e+01 1.018105322145135716e+01 5.477356971623067672e+00 9.406010140180132595e+00 6.545333333333333314e+01 3.377453277587890312e+01 0.000000000000000000e+00
-4.794596354166666408e-02 -6.610807291666667140e-01 7.258365885416666607e-01 1.396396785312228493e-03 4.493783781263563717e-03 2.523895857069228046e-03 6.078825713286290650e-02 6.644708528271162651e-01 7.275731228700479392e-01 5.706412028383684998e-01 3.292921739781323742e-04 -3.437398440837859948e+00 -5.837398119767507332e-01 9.552845915158589829e-01 2.428805089952957132e+02 4.209539766227049995e+01 1.263452705531168903e+02 1.595920477456098929e+01 6.514303480062710427e+00 1.184040397988277782e+01 6.665333333333333599e+01 3.377266571044921761e+01 0.000000000000000000e+00
-3.895833333333333093e-02 -6.564615885416666963e-01 7.318001302083333437e-01 1.198258675469292267e-03 4.181212319268121612e-03 3.304599592420790020e-03 5.211535677303191783e-02 6.596385597809731882e-01 7.340545144370099750e-01 5.706412028383684998e-01 3.292921739781323742e-04 -4.378048634529113636e-01 -7.024390085538227968e-01 9.552845915158589829e-01 2.641173642856755919e+02 4.197115961675093132e+01 9.434215038176169799e+01 1.625758399591214598e+01 6.516485262585117511e+00 1.003638736065180481e+01 6.700000000000000000e+01 3.375506581624348712e+01 0.000000000000000000e+00
-3.820638020833333481e-02 -6.539192708333333437e-01 7.359505208333333437e-01 9.393300586276585483e-04 3.858048587375215513e-03 3.278712103101941513e-03 4.898017504308639636e-02 6.568625894009899602e-01 7.381746955958030654e-01 5.706412028383684998e-01 3.292921739781323742e-04 -1.219526926676435313e-03 6.833333404858906723e-01 9.552845915158589829e-01 2.675636566558890195e+02 1.283204702568573907e+01 2.125429282393404833e+02 1.635737320425058172e+01 3.646778232893432392e+00 1.459239131198059525e+01 6.461333333333332973e+01 3.375226628621419422e+01 0.000000000000000000e+00
-5.022460937499999972e-02 -6.457617187499999911e-01 7.406315104166666385e-01 1.715327199300129999e-03 4.689532025655109709e-03 3.512839910719129256e-03 6.509868344422541087e-02 6.493825755505064912e-01 7.429992423500794141e-01 5.706412028383684998e-01 3.292921739781323742e-04 2.717479674816131396e+00 1.626016060511265363e-02 9.552845915158589829e-01 3.432730542424187092e+02 2.552053248934962326e+01 2.290978674570119722e+02 1.872585779144596074e+01 5.051811247678651640e+00 1.522688602077435327e+01 6.332000000000000028e+01 3.373986643473307367e+01 0.000000000000000000e+00
-5.965820312500000333e-02 -6.261621093750000533e-01 7.609505208333333659e-01 1.127984364827473929e-04 2.118203481038410962e-04 4.507651858859592112e-05 6.059620150295319529e-02 6.263312283169770733e-01 7.609801388177682702e-01 5.706412028383684998e-01 3.292921739781323742e-04 7.276422993342080980e-01 2.398374478022250247e-02 9.552845915158589829e-01 9.273085469073307774e-01 9.352640824817020082e-01 4.013130600141973647e-01 1.206968045429415604e+00 9.673878759294974872e-01 7.832221732753886778e-01 6.423999999999999488e+01 3.368919911702474224e+01 0.000000000000000000e+00
-5.867838541666666602e-02 -6.477311197916666430e-01 7.403873697916666385e-01 6.959605111016166747e-04 2.377332962883844502e-03 2.208641009860567127e-03 6.433594194700577307e-02 6.495636508529786246e-01 7.418774146426636573e-01 5.706412028383684998e-01 3.292921739781323742e-04 1.610162685314814324e+00 -1.166666726271310961e-01 9.552845915158589829e-01 2.468971336313504850e+01 2.236872356762788616e+00 1.421169446578809215e+01 5.223249681598158389e+00 1.500161147765357361e+00 3.782411745133857028e+00 6.590666666666666629e+01 3.367426722208659129e+01 0.000000000000000000e+00
-5.396809895833333537e-02 -6.561751302083332904e-01 7.339583333333333792e-01 1.802747874789767694e-03 4.146283425225152572e-03 2.714066145155165019e-03 6.866806812461107024e-02 6.593269939333201712e-01 7.358049342146324445e-01 5.706412028383684998e-01 3.292921739781323742e-04 2.241870000362396365e+00 6.516260484854380364e-01 9.552845915158589829e-01 1.424514150943132051e+02 5.183885796551126646e+01 7.194527343105367834e+01 1.214402718182227048e+01 7.229348136075341991e+00 8.574558563449842907e+00 6.586666666666666003e+01 3.371093383789062159e+01 0.000000000000000000e+00
-3.627929687499999861e-02 -6.366601562500000533e-01 7.605924479166666918e-01 1.507029533386231241e-03 4.531680488586428864e-03 3.112953334384494820e-03 5.313395256453838644e-02 6.402092119337715603e-01 7.626361027136413506e-01 5.706412028383684998e-01 3.292921739781323742e-04 2.475609322388965805e-01 -6.463414470354715557e-02 9.552845915158589829e-01 1.532437115712536979e+02 2.670230945329338113e+01 2.686013803971662739e+01 1.238163955162742624e+01 5.167831946373153684e+00 5.229031232628902792e+00 6.629333333333333655e+01 3.369973230997721458e+01 0.000000000000000000e+00
-6.212239583333333676e-02 -6.115852864583333215e-01 7.715299479166666252e-01 4.905152787102591734e-03 5.931140412224664669e-03 2.609489271375867517e-03 9.361807972382228671e-02 6.164152034339729358e-01 7.732192119985574763e-01 5.706412028383684998e-01 3.292921739781323742e-04 1.551219531297683751e+00 3.268292657534280221e-01 9.552845915158589829e-01 1.946817956139266528e+02 3.573293757199976994e+01 2.782007235783268584e+01 1.403880613329374683e+01 5.986631351682905944e+00 5.297320891469501802e+00 6.456000000000000227e+01 3.370626571655273551e+01 0.000000000000000000e+00
-7.109374999999999722e-02 -6.107812500000000533e-01 7.768229166666666963e-01 5.416510899861655924e-03 6.325905863444009590e-03 3.342538409762912770e-03 1.023270843370617800e-01 6.159380173483420817e-01 7.789713616483405767e-01 5.706412028383684998e-01 3.292921739781323742e-04 -4.154471464951833282e-01 -6.008130272229512681e-01 9.552845915158589829e-01 1.401448321681073423e+02 3.858642811817218643e+01 7.284550920586103473e+01 1.184556577372470798e+01 6.240785560476581395e+00 8.558725712583420631e+00 6.769333333333332803e+01 3.372600021362304545e+01 0.000000000000000000e+00
-2.426106770833333370e-02 -6.227539062500000444e-01 7.655240885416666474e-01 1.055559751722547675e-03 1.020050048828124913e-03 6.704840554131400593e-04 4.054823249009606445e-02 6.235723516950233414e-01 7.659618882117847916e-01 5.706412028383684998e-01 3.292921739781323742e-04 1.548780798912046397e-01 5.203252792358396828e-02 9.552845915158589829e-01 4.326980040981334241e+01 4.732445517768535836e+00 3.681931236725522183e+01 6.579801488604659632e+00 2.176040647995954647e+00 6.100727848028683731e+00 6.726666666666666572e+01 3.370959991455077898e+01 0.000000000000000000e+00
-3.598632812500000139e-02 -6.397688802083333348e-01 7.513378906250000044e-01 2.122050921122231766e-03 3.718000051710340387e-03 1.607496515909830623e-03 5.845568178579733931e-02 6.426680481669639899e-01 7.524068862023620685e-01 5.706412028383684998e-01 3.292921739781323742e-04 -1.044308974345525165e+00 -7.195121049880977282e-02 9.552845915158589829e-01 1.073605819776739878e+02 1.324629831080799214e+01 5.856497024901212711e+01 1.041398882328824804e+01 3.640257585322806300e+00 7.851587191523979214e+00 6.671999999999999886e+01 3.373186655680338220e+01 0.000000000000000000e+00
-3.411783854166666741e-02 -6.413997395833332948e-01 7.472851562500000266e-01 1.325661489698622695e-03 3.658821381462944600e-03 1.575608189900715638e-03 4.989677741551910850e-02 6.442456420644463444e-01 7.483386352056718982e-01 5.706412028383684998e-01 3.292921739781323742e-04 -1.400406517982482946e+00 -4.873983860015870251e-01 9.552845915158589829e-01 8.692515600489453220e+01 1.443700504103131976e+01 8.921366072098027189e+01 9.427952822352388296e+00 3.830739122898905613e+00 9.633063352657583067e+00 6.750666666666666060e+01 3.376440032958984716e+01 0.000000000000000000e+00
-2.069335937500000125e-02 -6.714713541666667007e-01 7.237727864583333171e-01 1.456611696879069008e-03 4.931960890028212578e-03 3.608966149224174594e-03 4.341459223696531727e-02 6.751338684708724225e-01 7.262616694875781986e-01 5.706412028383684998e-01 3.292921739781323742e-04 -1.319918704430262268e+00 -1.419512232144673591e+00 9.552845915158589829e-01 1.244081916245211090e+02 4.835981338745736480e+01 1.653672800582937725e+02 1.123166848739874268e+01 7.097522692085296292e+00 1.294362824416782942e+01 7.043999999999999773e+01 3.376599960327148153e+01 0.000000000000000000e+00
-3.842122395833333370e-02 -6.825781250000000355e-01 7.018294270833332904e-01 2.858307796054415997e-03 1.029168135325113712e-02 1.710303938123915179e-02 6.583690641662033605e-02 6.900757770576843031e-01 7.139100672363144495e-01 5.706412028383684998e-01 3.292921739781323742e-04 1.057317119042078701e+00 -5.008130300045013916e-01 9.552845915158589829e-01 3.378346388245036565e+02 4.836657806848656094e+01 1.801389225513465249e+02 1.841066425511917970e+01 6.972617281875497675e+00 1.345761741696929903e+01 7.223999999999999488e+01 3.374853317260742358e+01 0.000000000000000000e+00
-7.628906250000000444e-02 -6.629720052083333259e-01 7.045052083333332993e-01 7.122032419840495197e-03 8.762304517957897332e-03 2.050084987216525476e-02 1.137631463918320207e-01 6.695477460255663260e-01 7.189078094171453825e-01 5.706412028383684998e-01 3.292921739781323742e-04 1.320325188636779723e+00 6.337398393948873165e-01 9.552845915158589829e-01 2.496705948170949796e+02 1.942601874159254649e+01 1.087036915277678020e+02 1.585603523649098179e+01 4.452824376239062687e+00 1.042763337580202787e+01 7.095999999999999375e+01 3.371466725667317377e+01 0.000000000000000000e+00
-9.557462993421052266e-02 -6.692751165021929571e-01 7.183045504385965341e-01 2.280022188787205958e-03 1.671923861645962552e-03 1.249558304081920023e-03 1.068388135269598277e-01 6.705230088749154493e-01 7.191738214679925800e-01 5.706412028383684998e-01 3.292921739781323742e-04 -1.539366802625488750e+00 2.053915272679245341e-01 9.552845915158589829e-01 1.107430213513410564e+02 2.965892264263527700e+00 1.222134830966951995e+02 1.063544411411044521e+01 1.734381141426813544e+00 1.123761391805448895e+01 6.880701754385964364e+01 3.372000122070312500e+01 0.000000000000000000e+00
-1.231166294642857123e-01 -6.873953683035713969e-01 6.977539062500000000e-01 8.110854090476522945e-05 1.718462729940608907e-04 1.045806067330496710e-04 1.234455871692098639e-01 6.875203550719037882e-01 6.978288431226290500e-01 5.706412028383684998e-01 3.292921739781323742e-04 3.832752534321376414e-01 -1.306619388716557736e-02 9.552845915158589829e-01 2.262911457039208152e+00 8.298783842988676218e-01 2.016080225872010079e+00 1.552356717037897127e+00 9.110703099769879021e-01 1.778774731772655215e+00 6.571428571428570820e+01 3.372000122070312500e+01 0.000000000000000000e+00
