7.396728515625000666e-02 -1.724658203124999900e-01 1.335937500000000111e-01 8.732789200007914365e-01 8.688456437587735448e-02 5.332147002220156279e-02 9.374167052459527749e-01 3.415099172087699975e-01 2.667747365498915335e-01 5.784659888805959715e-01 6.999935095837112650e-04 4.706707370877265539e+00 1.131402536034584072e+00 3.824042218072073673e+00 1.236082362347920252e+03 1.203348145033360879e+03 1.739559110972095596e+03 3.547161480145766177e+01 3.470775441788054394e+01 4.172289732625999648e+01 7.790999999999999659e+01 3.038329969406127873e+01 0.000000000000000000e+00
6.928613281250000089e-01 -2.473022460937500111e-01 5.582153320312499556e-01 9.809830775260929003e-02 5.115054890513417302e-02 1.331056313216685827e-01 7.603651279245703387e-01 3.351252748274112236e-01 6.668657947716521983e-01 5.784659888805959715e-01 6.999935095837112650e-04 4.972256301045417715e+00 2.779573242962360524e+00 3.824042218072073673e+00 1.947602763128450533e+03 1.166711756632667857e+03 1.968518991661123891e+03 4.441087812520413536e+01 3.427007125825183920e+01 4.438941914393762289e+01 7.785999999999999943e+01 3.173299983978271399e+01 0.000000000000000000e+00
2.739086914062500155e-01 -5.105712890625000444e-01 5.456054687500000444e-01 1.598461523711681431e-01 1.095130985975265869e-01 2.220568048954008888e-01 4.846360733571660750e-01 6.084374576014115465e-01 7.209314339278792838e-01 5.784659888805959715e-01 6.999935095837112650e-04 2.252439098656177308e+00 3.921951199769973861e+00 3.824042218072073673e+00 4.047304140305710007e+03 7.544842656928969973e+02 1.460783136670351041e+03 6.365828793015772646e+01 2.774645863720763117e+01 3.829883269932155088e+01 7.834999999999999432e+01 3.162459945678710938e+01 0.000000000000000000e+00
1.713842773437500022e-01 -6.849169921875000178e-01 3.537011718749999978e-01 1.721776634395122962e-01 5.661171219348906658e-02 2.889439965724945325e-01 4.489434641022760908e-01 7.250675819402361277e-01 6.434660174074795513e-01 5.784659888805959715e-01 6.999935095837112650e-04 -3.833536917269229960e+00 -1.701219611167907653e+00 3.824042218072073673e+00 4.234720516632546605e+03 1.364940235737126386e+03 2.635090492331057249e+03 6.518754882589628608e+01 3.698424507682355511e+01 5.133862895651298430e+01 7.564000000000000057e+01 3.141649955749511847e+01 0.000000000000000000e+00
3.435961914062499734e-01 -5.808959960937499778e-01 5.600244140625000311e-01 8.567372996211047864e-02 4.777658507227895007e-02 2.422604072332384395e-01 4.513668936807294640e-01 6.206583144935939877e-01 7.455788030646288700e-01 5.784659888805959715e-01 6.999935095837112650e-04 -5.815853991508483922e+00 -2.524695179462432826e+00 3.824042218072073673e+00 1.781110887134966561e+03 1.578863191344997631e+03 2.631456171068119602e+03 4.260205446672159013e+01 3.981503832842808777e+01 5.130097768673121550e+01 7.178000000000000114e+01 3.117879997253417912e+01 0.000000000000000000e+00
4.876879882812499845e-01 -4.510742187499999778e-01 5.320312499999999556e-01 1.696649459064006882e-01 6.821073889732359730e-02 1.232353234291075766e-01 6.383608069267828755e-01 5.212280592199987073e-01 6.374108364357090606e-01 5.784659888805959715e-01 6.999935095837112650e-04 4.967073097229003587e+00 -2.407926678359508355e+00 3.824042218072073673e+00 3.204810673802706788e+03 2.886527634901139663e+03 3.022040187840021645e+03 5.682853586848706584e+01 5.378034720778115485e+01 5.497348853436790250e+01 7.012999999999999545e+01 3.093249977111816307e+01 0.000000000000000000e+00
2.515722656250000133e-01 -5.043041992187500266e-01 1.898999023437500100e-01 3.360548106670380730e-01 8.482120115160944607e-02 2.941737116038801170e-01 6.319362432229485016e-01 5.823606498564906087e-01 5.746613650786397409e-01 5.784659888805959715e-01 6.999935095837112650e-04 1.181128053218126261e+01 -5.054877928793430009e+00 3.824042218072073673e+00 4.756241130133314073e+03 2.635948217669888436e+03 2.962076657318692469e+03 6.996961824923157280e+01 5.158972774249627946e+01 5.442906268637407408e+01 8.178000000000000114e+01 3.073289979934692440e+01 0.000000000000000000e+00
1.159741210937499933e-01 -5.802441406249999600e-01 2.822412109374999867e-01 1.797121077239512976e-01 5.520099148750304274e-02 3.620301435232163301e-01 4.395021097644687402e-01 6.260065927904815419e-01 6.645978067031839132e-01 5.784659888805959715e-01 6.999935095837112650e-04 5.899999962151050603e+00 -3.256707260012626559e+00 3.824042218072073673e+00 3.836392457809477492e+03 9.363592234635923433e+02 1.664055130770976348e+03 6.221898791657463335e+01 3.077280236899153110e+01 4.083453937696064173e+01 9.073999999999999488e+01 3.061389997482299918e+01 0.000000000000000000e+00
4.413305664062500133e-01 -5.241381835937499734e-01 3.747949218750000200e-01 1.551076050937175432e-01 8.075904447436332845e-02 1.789397140979766543e-01 5.915067826645600269e-01 5.962213347200173708e-01 5.651645314076813031e-01 5.784659888805959715e-01 6.999935095837112650e-04 -5.455488145649432852e+00 -1.025609685182571340e+00 3.824042218072073673e+00 3.480049149477001720e+03 7.904410800147353484e+02 1.763637759663492034e+03 5.924366211152316453e+01 2.813348459116068057e+01 4.209127380969165699e+01 8.525000000000000000e+01 3.044600004196167120e+01 0.000000000000000000e+00
4.540185546875000200e-01 -4.745825195312500244e-01 4.403369140624999734e-01 1.470266404390335735e-01 9.512469756007189969e-02 1.695658001661300984e-01 5.942722342828746784e-01 5.659975842746161057e-01 6.028784272572834668e-01 5.784659888805959715e-01 6.999935095837112650e-04 -5.241768516302109049e+00 3.610060936212539762e+00 3.824042218072073673e+00 2.532340176373823851e+03 1.037872446203783511e+03 2.624099841953195664e+03 5.059462731903774113e+01 3.241766472414308708e+01 5.126776750440968300e+01 7.603000000000000114e+01 3.018270006179809428e+01 0.000000000000000000e+00
3.220703125000000111e-01 -5.024877929687500133e-01 4.801977539062500244e-01 1.614555752277374301e-01 1.122712143599987333e-01 1.690171538531780038e-01 5.149610290318920036e-01 6.039579426107450910e-01 6.321447909377925223e-01 5.784659888805959715e-01 6.999935095837112650e-04 1.261280664503574345e+00 2.858841450214386182e+00 3.824042218072073673e+00 2.844321664282037091e+03 1.808303562571623388e+03 3.093454844172636513e+03 5.334709451504071609e+01 4.262014238607241623e+01 5.646737923049981589e+01 7.109000000000000341e+01 2.993389984130859460e+01 0.000000000000000000e+00
2.336254882812499878e-01 -5.869189453124999956e-01 3.519531249999999778e-01 2.173024144828318849e-01 1.057549905538559126e-01 1.693417418003083097e-01 5.214242833408168076e-01 6.709909380316497751e-01 5.414912224566283960e-01 5.784659888805959715e-01 6.999935095837112650e-04 3.592683049142360474e+00 -7.155487066507340010e-01 3.824042218072073673e+00 4.133026660414519938e+03 1.756102792763450225e+03 2.753682285776173103e+03 6.438892786734466256e+01 4.191198877069709283e+01 5.324715518003223735e+01 7.196999999999999886e+01 2.977309986114502038e+01 0.000000000000000000e+00
1.955029296874999933e-01 -6.000537109375000400e-01 5.070263671875000488e-01 1.525230796098709929e-01 6.345355317592621391e-02 1.378980107069015248e-01 4.367430309990835702e-01 6.507826128484004435e-01 6.284693689673785943e-01 5.784659888805959715e-01 6.999935095837112650e-04 4.260670732557773732e+00 -2.665243906974792409e+00 3.824042218072073673e+00 2.249182650400091461e+03 1.059053236701251535e+03 1.632892682180553038e+03 4.761655138175552082e+01 3.265205601160390358e+01 4.042586394349563506e+01 7.329000000000000625e+01 2.969220003128051744e+01 0.000000000000000000e+00
3.260498046875000000e-01 -5.875390624999999867e-01 4.051123046874999800e-01 2.073057621717452892e-01 7.678314723968504563e-02 1.295974626779556882e-01 5.600127117383160158e-01 6.496039541159397412e-01 5.419533578521065209e-01 5.784659888805959715e-01 6.999935095837112650e-04 2.746951333284378016e+00 -9.189023965597152843e-01 3.824042218072073673e+00 2.116582453912632900e+03 1.127058008207205603e+03 1.738297911442263512e+03 4.608826526937268397e+01 3.358425806567132099e+01 4.182440279949290129e+01 7.262999999999999545e+01 2.959049982070922979e+01 0.000000000000000000e+00
3.659301757812499778e-01 -5.217431640624999867e-01 4.058276367187499956e-01 2.137296764552593931e-01 9.057090380191802625e-02 1.550478969275951580e-01 5.896054358658473493e-01 6.023178837191095480e-01 5.654590769032900033e-01 5.784659888805959715e-01 6.999935095837112650e-04 1.033536492288112729e+00 1.827134230136871373e+00 3.824042218072073673e+00 3.204853869172208761e+03 1.951283881713144410e+03 2.432165246046564789e+03 5.662086247005691320e+01 4.421111060817271010e+01 4.961141329005887712e+01 7.329000000000000625e+01 2.944669971466064595e+01 0.000000000000000000e+00
3.997192382812500000e-01 -4.459863281249999978e-01 5.436523437500000444e-01 1.479230694472789820e-01 6.654413356781005429e-02 1.741846203804015836e-01 5.547058129309820895e-01 5.152163996246919009e-01 6.853776267469414707e-01 5.784659888805959715e-01 6.999935095837112650e-04 -1.270732013881206601e+00 5.392683248221874059e+00 3.824042218072073673e+00 4.436399036099800469e+03 2.507542955027617154e+03 3.242251259199401375e+03 6.661841934443434354e+01 5.036490829578934125e+01 5.701160794419858746e+01 7.435999999999999943e+01 2.928159994125366339e+01 0.000000000000000000e+00
3.173413085937499822e-01 -4.592041015625000222e-01 5.699169921875000266e-01 2.263658512294292602e-01 6.682730972766873223e-02 1.399772021532058597e-01 5.719015276858621100e-01 5.269684208939768855e-01 6.817496462318501926e-01 5.784659888805959715e-01 6.999935095837112650e-04 1.033871969074010799e+01 5.499695485532283712e+00 3.824042218072073673e+00 7.425333922532416182e+03 1.622602036123552352e+03 2.784309235805664230e+03 8.678838083163044814e+01 4.065524180910914964e+01 5.280206831410038149e+01 7.376000000000000512e+01 2.910900016784668054e+01 0.000000000000000000e+00
2.675952148437499845e-01 -4.727612304687500155e-01 6.881323242187500355e-01 1.486545410811901113e-01 4.827835947871208372e-02 7.270727288126947740e-02 4.693205089152431841e-01 5.213267118736950589e-01 7.390760235022973967e-01 5.784659888805959715e-01 6.999935095837112650e-04 9.629878201782704039e+00 2.811280558407306618e+00 3.824042218072073673e+00 4.820501076290216588e+03 6.263701378577252399e+02 9.835479384445338837e+02 7.009447646192521120e+01 2.518478580881330942e+01 3.153090251709231140e+01 7.295000000000000284e+01 2.895010055541992244e+01 0.000000000000000000e+00
3.765917968749999956e-01 -5.219506835937499645e-01 6.111108398437500311e-01 6.584516463279721510e-02 4.849054228663446375e-02 1.258225809276103946e-01 4.557044503911921174e-01 5.665007134952412260e-01 7.065968012255248176e-01 5.784659888805959715e-01 6.999935095837112650e-04 6.953049043118953776e+00 -1.544817089438438318e+00 3.824042218072073673e+00 1.996686349006358114e+03 5.723288095127460338e+02 1.628890074332039831e+03 4.522202162666297198e+01 2.397321983698824255e+01 4.060815510540286510e+01 7.278000000000000114e+01 2.883240087509155103e+01 0.000000000000000000e+00
3.536596679687499800e-01 -4.933764648437499734e-01 5.972705078125000178e-01 1.025718868911266318e-01 5.095266658663749615e-02 1.245434763193130068e-01 4.771237236177772734e-01 5.425615196900288595e-01 6.937402509743215706e-01 5.784659888805959715e-01 6.999935095837112650e-04 5.999695493578911076e+00 -2.255182881057262279e+00 3.824042218072073673e+00 2.000419114515390220e+03 1.226825801110320299e+03 1.602451672245380678e+03 4.512666019695075192e+01 3.509859898824073809e+01 4.012674523692155049e+01 7.254999999999999716e+01 2.877120075225830220e+01 0.000000000000000000e+00
3.090649414062500155e-01 -4.833959960937500022e-01 5.471875000000000488e-01 1.691579523742199331e-01 6.709664999842643307e-02 1.295101619720459007e-01 5.144697176517473158e-01 5.484235033602181675e-01 6.549231421535628428e-01 5.784659888805959715e-01 6.999935095837112650e-04 2.329268311858177398e+00 2.429268382787704628e+00 3.824042218072073673e+00 1.696831665385513816e+03 1.371847892527334579e+03 1.357226522225946837e+03 4.125841921661734801e+01 3.711804463334438964e+01 3.685722962691551174e+01 7.214000000000000057e+01 2.872190057754516701e+01 0.000000000000000000e+00
1.503417968749999889e-01 -5.700463867187499645e-01 2.461010742187499933e-01 3.912386763095854758e-01 8.198594343066212264e-02 1.305703025519848459e-01 6.433050071289584393e-01 6.379175702563496531e-01 4.371910809744493087e-01 5.784659888805959715e-01 6.999935095837112650e-04 7.525914788842201553e+00 2.198780538439750742e+00 3.824042218072073673e+00 2.056495595898771626e+03 7.450807525541355290e+02 1.864704459597089453e+03 4.596884803111435502e+01 2.738458304247768282e+01 4.319963914342642397e+01 7.221999999999999886e+01 2.868890008926391744e+01 0.000000000000000000e+00
2.369580078125000100e-01 -4.818627929687500089e-01 2.295678710937499867e-01 5.290234663248064573e-01 8.759910380244251282e-02 1.094167407691479244e-01 7.649657272004249942e-01 5.655005349688777549e-01 4.026389799903438149e-01 5.784659888805959715e-01 6.999935095837112650e-04 2.801830551028251515e-01 -3.489024536311626346e+00 3.824042218072073673e+00 3.946511153063284382e+03 7.862616074079553528e+02 2.340688843548520708e+03 6.282188834799262622e+01 2.825659037504241411e+01 4.862139584438421736e+01 7.262000000000000455e+01 2.878120004653930764e+01 0.000000000000000000e+00
2.405419921874999978e-01 -4.859155273437499867e-01 2.708227539062499911e-01 3.871552188634873048e-01 1.439572867095469944e-01 1.723411730468273062e-01 6.670949474167965354e-01 6.164991374067783081e-01 4.956673653572449822e-01 5.784659888805959715e-01 6.999935095837112650e-04 -4.307926946878433139e-01 -2.614634149670600927e+00 3.824042218072073673e+00 5.152278494706430138e+03 9.858595165375221541e+02 2.923208426538351887e+03 7.178066645728657136e+01 3.150707584454872290e+01 5.407122290997303793e+01 7.470999999999999375e+01 2.898500015258789020e+01 0.000000000000000000e+00
2.298388671874999900e-01 -4.831347656250000178e-01 4.754833984374999822e-01 1.692673280000687730e-01 1.081560953617095727e-01 2.063116171121597842e-01 4.712676870634161519e-01 5.844444345848741618e-01 6.575683077079019778e-01 5.784659888805959715e-01 6.999935095837112650e-04 3.292987853586673896e+00 1.157012412548065194e+00 3.824042218072073673e+00 2.244022364467942225e+03 6.350362611964492316e+02 1.666597666339051784e+03 4.748543074956582899e+01 2.522647297818780388e+01 4.109079328262928499e+01 7.365000000000000568e+01 2.917899969100952262e+01 0.000000000000000000e+00
2.243383789062499967e-01 -5.038989257812499512e-01 4.871020507812500178e-01 2.027881454169750686e-01 1.227415197551250253e-01 2.362623906791209427e-01 5.031062051567831706e-01 6.137227771222303341e-01 6.881357413726019168e-01 5.784659888805959715e-01 6.999935095837112650e-04 -6.599390260875225067e+00 3.472562447190284951e-01 3.824042218072073673e+00 4.058990500776279532e+03 1.619578160969216469e+03 2.660873010635118590e+03 6.405109251676832116e+01 4.024548108631220344e+01 5.168237786726712102e+01 7.273000000000000398e+01 2.928949956893920969e+01 0.000000000000000000e+00
1.894628906249999911e-01 -5.810546875000000000e-01 2.930273437500000022e-01 2.699325870513916703e-01 1.422007572650909324e-01 3.084876145362854261e-01 5.530178785314018297e-01 6.926942378357232588e-01 6.279750303327880090e-01 5.784659888805959715e-01 6.999935095837112650e-04 -1.521128072619438143e+01 4.599085571169853282e+00 3.824042218072073673e+00 6.318430002090903145e+03 2.059683936237612670e+03 3.386430110312232500e+03 8.093091537491710596e+01 4.561617612567449953e+01 5.844789028979185730e+01 7.482999999999999829e+01 2.934929983139038256e+01 0.000000000000000000e+00
2.963061523437500178e-01 -4.982153320312500133e-01 3.291381835937500222e-01 2.954796505630016834e-01 1.047253557384013878e-01 2.317949800193310761e-01 6.190936815052785480e-01 5.940907950889410261e-01 5.832040156915280216e-01 5.784659888805959715e-01 6.999935095837112650e-04 -1.269603684037923763e+01 5.849085529744624701e+00 3.824042218072073673e+00 3.158737895737192957e+03 9.782396298954408849e+02 1.248116169733630159e+03 5.761880983836319814e+01 3.181904196278871311e+01 3.535702314090420373e+01 7.384000000000000341e+01 2.944890026092529212e+01 0.000000000000000000e+00
-1.690893554687500078e-01 -3.905737304687499911e-01 3.607373046874999822e-01 4.972099782168866722e-01 1.017905059993267081e-01 1.041121556520462343e-01 7.251214990260071991e-01 5.043196852509352901e-01 4.839871471901380784e-01 5.784659888805959715e-01 6.999935095837112650e-04 -4.911890445053577636e+00 2.090548902153968935e+00 3.824042218072073673e+00 1.006376575559522735e+03 5.564328278861171384e+02 7.371911347484915495e+02 3.210145235505289207e+01 2.368128422612283401e+01 2.721926795741304161e+01 7.257999999999999829e+01 2.954090021133422894e+01 0.000000000000000000e+00
-5.470458984374999833e-02 -3.693310546874999933e-01 5.630053710937500400e-01 4.182482591331004862e-01 4.926918098926540146e-02 8.131206304430961540e-02 6.490307013409098991e-01 4.308997667043306112e-01 6.310999215058743506e-01 5.784659888805959715e-01 6.999935095837112650e-04 2.031402398943900955e+00 -3.183841377794742744e+00 3.824042218072073673e+00 1.139688833775962394e+03 7.233870952900263092e+02 7.654001303257335849e+02 3.382034046964041352e+01 2.708364711793786839e+01 2.769719863787187819e+01 7.243999999999999773e+01 2.960629974365234318e+01 0.000000000000000000e+00
4.209033203124999956e-01 -4.000952148437499911e-01 7.679077148437499778e-01 2.171382782459258670e-02 1.823961769938469216e-02 3.290434285998340702e-02 4.459522764541958839e-01 4.222745536262529353e-01 7.890415713867892089e-01 5.784659888805959715e-01 6.999935095837112650e-04 2.247256131172180371e+00 -3.314329159855842644e+00 3.824042218072073673e+00 6.681585213803085708e+02 8.094480787957005532e+02 5.342686367748881366e+02 2.594626527073596733e+01 2.864319913305024556e+01 2.354293339123213968e+01 6.903000000000000114e+01 2.960469968795776197e+01 0.000000000000000000e+00
2.921728515625000022e-01 -4.867138671874999822e-01 5.072583007812500044e-01 6.974228694438934506e-02 5.515728495121002134e-02 2.967629085242748377e-01 3.938365931887893856e-01 5.404143534953724792e-01 7.443613989425807986e-01 5.784659888805959715e-01 6.999935095837112650e-04 -4.161585326790810058e+00 2.023170926570892370e+00 3.824042218072073673e+00 1.973013290762009547e+03 8.733578443514481933e+02 5.475458268845202383e+02 4.461313801106317101e+01 2.962180050148150556e+01 2.361860660945412960e+01 6.950000000000000000e+01 2.949119974136352695e+01 0.000000000000000000e+00
3.223144531250000250e-02 -6.657519531250000178e-01 -4.202880859375000139e-02 1.174080264329910722e-01 6.172494969367978146e-02 3.977782814204690043e-01 3.441611432162610118e-01 7.105987706036592799e-01 6.320954850117814772e-01 5.784659888805959715e-01 6.999935095837112650e-04 -4.167377965450286936e+00 1.662195250988006689e+00 3.824042218072073673e+00 2.064272077467921918e+03 1.248898897410816971e+03 7.331799656940122532e+02 4.562498346931033666e+01 3.537883251978821875e+01 2.709446247444165934e+01 7.393000000000000682e+01 2.934710010528564439e+01 0.000000000000000000e+00
1.010058593750000067e-01 -6.104614257812499556e-01 4.886718749999999917e-02 2.455429304599761053e-01 6.793224498629570063e-02 3.604671153068542133e-01 5.057124816415533575e-01 6.637736039894719386e-01 6.023745656325592002e-01 5.784659888805959715e-01 6.999935095837112650e-04 -6.310671001672744751e+00 -2.154268335700034953e+00 3.824042218072073673e+00 2.374218150158456865e+03 1.007291597240932219e+03 2.039232881973765643e+03 4.913290871350698552e+01 3.181088601883216782e+01 4.537833265073603428e+01 7.250000000000000000e+01 2.927440055847167955e+01 0.000000000000000000e+00
3.599902343749999956e-01 -4.467626953125000133e-01 5.950537109375000355e-01 1.623555296421050897e-01 4.057395794391631394e-02 1.609941270589827778e-01 5.403225874303909659e-01 4.900723047335015514e-01 7.176928632496443194e-01 5.784659888805959715e-01 6.999935095837112650e-04 -9.988415060043335458e+00 -3.728658595681190735e-01 3.824042218072073673e+00 2.265700247743923683e+03 7.260673663253745644e+02 1.845174288551700101e+03 4.863608416757689668e+01 2.694821692198959084e+01 4.344194553472272702e+01 6.937000000000000455e+01 2.926330030441284080e+01 0.000000000000000000e+00
3.380297851562499845e-01 -4.365844726562500000e-01 5.734643554687499645e-01 1.541556850135326617e-01 4.017744943499565458e-02 1.807489288985729137e-01 5.180924827348040163e-01 4.803992622803781587e-01 7.138699432612090057e-01 5.784659888805959715e-01 6.999935095837112650e-04 -5.606402657628059671e+00 2.925914731323719042e+00 3.824042218072073673e+00 1.379754323815499447e+03 1.088204034425825967e+03 1.588971798014900969e+03 3.756575667512844774e+01 3.311744270683959002e+01 3.992218673685079011e+01 7.075000000000000000e+01 2.915019989013671875e+01 0.000000000000000000e+00
3.525292968750000089e-01 -4.827099609375000155e-01 3.421240234374999800e-01 2.431921779155732377e-01 8.406697318553925380e-02 1.704657724142074338e-01 6.061922822593133198e-01 5.630949116923558151e-01 5.362038976240945942e-01 5.784659888805959715e-01 6.999935095837112650e-04 -3.654268342256545843e+00 1.442987933456897798e+00 3.824042218072073673e+00 2.816110701536761553e+03 1.489172022372492847e+03 2.075696057368992115e+03 5.319270982619686805e+01 3.861676108309182354e+01 4.559056525383958558e+01 7.475000000000000000e+01 2.899199981689453054e+01 0.000000000000000000e+00
3.935522460937500022e-01 -5.177026367187500533e-01 3.875732421875000000e-01 1.790202265918254543e-01 7.283844410777093326e-02 1.811781316995620672e-01 5.778439209659136377e-01 5.838274267052867561e-01 5.756658316760624450e-01 5.784659888805959715e-01 6.999935095837112650e-04 -5.121036431193351390e+00 -2.060974463820457458e-01 3.824042218072073673e+00 3.567465988782685145e+03 1.526563830026687356e+03 1.757537202996830274e+03 5.994740196966250068e+01 3.907180960979529516e+01 4.193505481094153708e+01 7.685999999999999943e+01 2.889379968643188334e+01 0.000000000000000000e+00
3.474291992187499845e-01 -5.815795898437500222e-01 4.266406249999999956e-01 1.369545951545238505e-01 7.914007350802421126e-02 2.361668342113494301e-01 5.076038254626393798e-01 6.460455810783389818e-01 6.466753877423665475e-01 5.784659888805959715e-01 6.999935095837112650e-04 -1.454266738891601685e-01 2.515244067609310186e+00 3.824042218072073673e+00 2.873022817619330453e+03 1.870285070417512316e+03 1.805873188610977422e+03 5.360078326420995154e+01 4.331987445892654875e+01 4.263736128388570990e+01 7.467000000000000171e+01 2.885349973678588853e+01 0.000000000000000000e+00
3.097363281250000155e-01 -5.435375976562499822e-01 4.095727539062499756e-01 1.825432132244109718e-01 1.781036174952984330e-01 1.690540479362011572e-01 5.277118590526166386e-01 6.881400566463384827e-01 5.803480754500274230e-01 5.784659888805959715e-01 6.999935095837112650e-04 4.923170800805092284e+00 4.702439339756965708e+00 3.824042218072073673e+00 3.730517198964694217e+03 3.742635735427307736e+03 3.917365304602389187e+03 6.127605412964018683e+01 6.135754779300913953e+01 6.264407361675274188e+01 7.326999999999999602e+01 2.889869966506957866e+01 0.000000000000000000e+00
2.843017578125000000e-01 -5.356420898437499467e-01 3.473388671875000111e-01 2.628003484010696389e-01 1.799370235145092145e-01 1.226032024621963035e-01 5.861977805283359322e-01 6.832638377132871366e-01 4.932012683695086719e-01 5.784659888805959715e-01 6.999935095837112650e-04 -3.203658448755740906e+00 2.464634325206279897e+00 3.824042218072073673e+00 4.916044129311087090e+03 3.530253474504422684e+03 4.528351634457658292e+03 7.018765957607767803e+01 5.946703201658385751e+01 6.731684559404597223e+01 7.426000000000000512e+01 2.902219945907592802e+01 0.000000000000000000e+00
1.474829101562500078e-01 -7.161181640624999512e-01 2.986157226562500266e-01 2.332917929828166870e-01 9.637305448055266677e-02 1.252578159034252181e-01 5.050178232210950080e-01 7.805115498061501178e-01 4.630649692223972047e-01 5.784659888805959715e-01 6.999935095837112650e-04 1.682927358150482222e-01 -1.035060913860797793e+00 3.824042218072073673e+00 4.581764468345450041e+03 1.501855204363838993e+03 2.565521223986983841e+03 6.768894142170030648e+01 3.876759672018940250e+01 5.086277594011316694e+01 7.379000000000000625e+01 2.919939952850341669e+01 0.000000000000000000e+00
2.551513671875000125e-02 -7.417138671874999867e-01 2.562744140625000111e-01 2.350557607352733724e-01 1.023047266244888620e-01 2.371967524290084506e-01 4.854964293762106253e-01 8.077401732009651392e-01 5.503392841984716677e-01 5.784659888805959715e-01 6.999935095837112650e-04 -8.484756448864936296e-01 1.080396375179290835e+01 3.824042218072073673e+00 9.395472294251190760e+03 3.773475283889864386e+03 3.568038372352243641e+03 9.693395795680248739e+01 6.237147518409290115e+01 5.994676663051934185e+01 7.268000000000000682e+01 2.936539936065673828e+01 0.000000000000000000e+00
2.031762695312500089e-01 -6.274560546874999867e-01 3.417797851562500155e-01 2.720578101813793115e-01 1.034118685960769696e-01 2.220397523105143434e-01 5.597663858093074873e-01 7.050623867148778645e-01 5.821109635215324651e-01 5.784659888805959715e-01 6.999935095837112650e-04 -1.007195132166147289e+01 1.094908552378416111e+01 3.824042218072073673e+00 8.332316159663003418e+03 3.895945521511232982e+03 3.127728718277561711e+03 9.183550709332922679e+01 6.337056095158359881e+01 5.594120769751460642e+01 7.301000000000000512e+01 2.949980003356933622e+01 0.000000000000000000e+00
5.270971679687499467e-01 -5.138110351562500400e-01 4.322290039062500200e-01 1.758136027991772099e-01 5.757878214716910525e-02 8.198103558421136750e-02 6.735317566973764158e-01 5.670807367522778808e-01 5.184620983273516837e-01 5.784659888805959715e-01 6.999935095837112650e-04 -4.774695169627666047e+00 -3.756098833680152627e-01 3.824042218072073673e+00 2.344677507938430608e+03 1.141885031424354111e+03 1.417124081297112525e+03 4.865670788186657347e+01 3.379387687449958122e+01 3.794293493625649916e+01 7.482999999999999829e+01 2.960970050811767607e+01 0.000000000000000000e+00
5.803955078125000444e-01 -4.795019531249999911e-01 2.607910156250000111e-01 2.660998588800429498e-01 7.416907777786255207e-02 8.293824434280397395e-02 7.765042204450486318e-01 5.514446489254857253e-01 3.885230986357477434e-01 5.784659888805959715e-01 6.999935095837112650e-04 6.618903362751007435e-01 -1.485975664258003315e+00 3.824042218072073673e+00 1.108818979094764700e+03 4.255634710130263443e+02 8.654488238558139983e+02 3.330551122430068034e+01 2.068263993516770327e+01 2.992833994646875695e+01 7.545999999999999375e+01 2.967310039520263842e+01 0.000000000000000000e+00
3.023095703124999978e-01 -5.336352539062499956e-01 3.178540039062500155e-01 3.347478671312330567e-01 1.170269940555095922e-01 1.349011340796947567e-01 6.527931858052453684e-01 6.338718942082047780e-01 4.857286298736457342e-01 5.784659888805959715e-01 6.999935095837112650e-04 6.828049029409885229e+00 -3.534756169021129768e+00 3.824042218072073673e+00 2.532436545687700345e+03 2.788901402490549799e+02 2.944258843767405551e+02 5.078443461569426631e+01 1.706999242599386335e+01 1.720794895511637179e+01 7.334999999999999432e+01 2.974570005416870089e+01 0.000000000000000000e+00
2.132446289062500111e-01 -3.013012695312500266e-01 6.578564453124999822e-01 1.499531774222850611e-01 2.489590521514416233e-01 1.534252907991409676e-01 4.420706382238582255e-01 5.828734915679255613e-01 7.656372466372957097e-01 5.784659888805959715e-01 6.999935095837112650e-04 7.114024631083011307e+00 -9.371951743960380554e-01 3.824042218072073673e+00 2.589517790270002934e+03 3.259681621274771715e+02 5.468227809619892241e+02 5.138216749731038391e+01 1.807889645200691575e+01 2.394076712369648874e+01 7.165999999999999659e+01 2.905389982223510614e+01 0.000000000000000000e+00
1.183911132812500017e-01 1.572167968750000089e-01 5.540185546875000533e-01 1.323720839679241312e-01 2.856614767551421408e-01 3.274739105939865613e-01 3.826075530774293298e-01 5.571163235579955630e-01 7.964988823168636101e-01 5.784659888805959715e-01 6.999935095837112650e-04 3.384451380670070453e+00 7.576219996809959722e-01 3.824042218072073673e+00 8.391376790520516806e+02 3.049573751379214741e+02 6.943401086604695820e+02 2.916491368408573592e+01 1.747945554736536877e+01 2.708909578712773936e+01 6.846999999999999886e+01 2.794840011596679830e+01 0.000000000000000000e+00
1.226562500000000049e-02 4.613061523437499978e-01 2.306249999999999967e-01 2.662359370231628386e-01 1.864214044749736565e-01 3.317880457878113476e-01 5.161263242461127110e-01 6.318423621958001446e-01 6.204642910053819183e-01 5.784659888805959715e-01 6.999935095837112650e-04 -8.990852400660515054e-01 8.603659093379973921e-01 3.824042218072073673e+00 3.275464327767377199e+03 4.575142359107604193e+02 6.566383876119355136e+02 5.723873410581580146e+01 2.140687892731472886e+01 2.577907200126982445e+01 6.868999999999999773e+01 2.769610036849975643e+01 0.000000000000000000e+00
3.344995117187499756e-01 4.453710937500000022e-01 3.957226562500000266e-01 2.984121273696422327e-01 1.085623933315277151e-01 1.846216073989867812e-01 6.405482422969596135e-01 5.540016285893020198e-01 5.841387061893282828e-01 5.784659888805959715e-01 6.999935095837112650e-04 -1.877134117484092757e+00 1.016463454365730268e+00 3.824042218072073673e+00 2.988671910397843021e+03 4.238475355594171674e+02 4.278560380673138752e+02 5.470096473457181929e+01 2.061263528793633171e+01 2.080801683910275912e+01 7.195999999999999375e+01 2.797590049743652330e+01 0.000000000000000000e+00
2.230688476562500133e-01 3.761572265625000022e-01 5.780468749999999600e-01 4.252413865268230286e-01 1.067708046674728656e-01 1.073613475322723193e-01 6.892032336847457863e-01 4.982620432690662016e-01 6.644543153818311954e-01 5.784659888805959715e-01 6.999935095837112650e-04 8.896342930197715937e-01 2.700000057816505539e+00 3.824042218072073673e+00 2.648718299713168108e+03 1.479435397966439723e+03 2.854023503652346335e+03 5.147338874494747074e+01 3.855807824929360805e+01 5.347751986225363652e+01 7.228000000000000114e+01 2.819090030670166058e+01 0.000000000000000000e+00
2.755151367187499978e-01 2.811621093750000244e-01 6.113085937500000178e-01 4.327122241199019004e-01 8.821870985031121659e-02 1.133501287460326745e-01 7.131765662730745747e-01 4.089875812277320999e-01 6.978884764334737367e-01 5.784659888805959715e-01 6.999935095837112650e-04 3.079269906878471241e-01 2.312804988026619046e+00 3.824042218072073673e+00 2.808339866734363568e+03 1.507473275107177642e+03 2.831513155868969989e+03 5.299466657849597340e+01 3.889501693044773845e+01 5.328432093406058101e+01 7.559000000000000341e+01 2.831680006027221808e+01 0.000000000000000000e+00
3.996557617187500022e-01 3.376684570312499800e-01 5.984545898437499956e-01 2.540920180022716024e-01 1.104049671828746665e-01 5.614042384028435084e-02 6.432858974649342532e-01 4.737351095884068108e-01 6.436523284703749015e-01 5.784659888805959715e-01 6.999935095837112650e-04 8.536566197872162004e-03 -1.100609751939773506e+00 3.824042218072073673e+00 9.134281971883316373e+02 8.692273851330330672e+02 2.653241353452854582e+03 3.022297586375792378e+01 2.950319858861235645e+01 5.154290081524931111e+01 8.114000000000000057e+01 2.842809993743896513e+01 0.000000000000000000e+00
9.181640624999999611e-02 3.314843749999999978e-01 6.156811523437499822e-01 3.395269950389863123e-01 1.265166880130767779e-01 8.688851720690723979e-02 5.898790108960068057e-01 4.862083698191727033e-01 6.826066206522136692e-01 5.784659888805959715e-01 6.999935095837112650e-04 2.041768396496772553e+00 6.095662713050842719e-04 3.824042218072073673e+00 1.727178574076663608e+03 9.317557927738474746e+02 3.748321518200982155e+03 4.160946277304714158e+01 3.052467515216860150e+01 6.125333474168850501e+01 8.295000000000000284e+01 2.848840003967285028e+01 0.000000000000000000e+00
3.572412109374999978e-01 1.405395507812499944e-01 7.275927734374999512e-01 2.654414792299268910e-01 2.183805987238883126e-02 4.866756865978238977e-02 6.269471764208037756e-01 2.039348552998834219e-01 7.603017904873403676e-01 5.784659888805959715e-01 6.999935095837112650e-04 3.268902582526207024e+00 1.116463313996791884e+00 3.824042218072073673e+00 1.530627709517822950e+03 3.540632462831623570e+02 1.161439454288010211e+03 3.925956486783659471e+01 1.884966144562450552e+01 3.419908774407861074e+01 8.100000000000000000e+01 2.855920021057129077e+01 0.000000000000000000e+00
3.279858398437500155e-01 3.342553710937499756e-01 5.842285156250000000e-01 3.261422494113445092e-01 1.045470677554607014e-01 5.985440850257873341e-02 6.585719099303845026e-01 4.650523850712748319e-01 6.333856384320453170e-01 5.784659888805959715e-01 6.999935095837112650e-04 -3.314024607837199987e+00 -5.086280654072761642e+00 3.824042218072073673e+00 1.800962934261622195e+03 1.174759389341041697e+03 1.660997154243247678e+03 4.256695541570917385e+01 3.465010303351257193e+01 4.089622533352727629e+01 7.895999999999999375e+01 2.858210041046142535e+01 0.000000000000000000e+00
-2.849951171874999800e-01 3.777197265625000244e-01 4.137817382812499778e-01 4.606504872083661550e-01 1.208307993650435813e-01 6.424112007021905157e-02 7.361200337099128577e-01 5.133254242675823198e-01 4.852385464957126859e-01 5.784659888805959715e-01 6.999935095837112650e-04 -1.187500062584877059e+00 -2.064634256958961522e+00 3.824042218072073673e+00 4.827514866497705952e+03 1.842425333859622697e+03 4.591713340931548373e+03 6.949046713684074916e+01 4.297310843393379542e+01 6.803602743784404083e+01 7.704999999999999716e+01 2.848080009460449347e+01 0.000000000000000000e+00
-1.120361328125000014e-02 1.578271484375000089e-01 5.674780273437499689e-01 5.050120090186596133e-01 5.472592403888704160e-02 8.258772837519645638e-02 7.107302793389453921e-01 2.821973295812695848e-01 6.360967221210547251e-01 5.784659888805959715e-01 6.999935095837112650e-04 7.905488419532775701e-01 3.351829276978969485e+00 3.824042218072073673e+00 3.997446409858635889e+03 9.411035281372016925e+02 3.040602679381473536e+03 6.323030426409593474e+01 3.085997873685617776e+01 5.521435230579636766e+01 7.573000000000000398e+01 2.839139986038208008e+01 0.000000000000000000e+00
2.994604492187499800e-01 2.233447265625000122e-01 6.752221679687500089e-01 3.391332377135752307e-01 1.064849512338638116e-01 6.041770254969597298e-02 6.548357033331879684e-01 3.954337088781654796e-01 7.185698843300593053e-01 5.784659888805959715e-01 6.999935095837112650e-04 2.292987893819808942e+00 9.481690555810928789e-02 3.824042218072073673e+00 3.334401324258647492e+03 1.399053781004198527e+03 4.445645773644097972e+03 5.778978385268326434e+01 3.740404752496416307e+01 6.670338833421851632e+01 7.390999999999999659e+01 2.839850030899047795e+01 0.000000000000000000e+00
3.396337890625000244e-01 2.631445312499999800e-01 6.505883789062499867e-01 3.477759087324142073e-01 8.680885043144229152e-02 5.800211750864980864e-02 6.805343631333872212e-01 3.950365739500894535e-01 6.937343556985714477e-01 5.784659888805959715e-01 6.999935095837112650e-04 5.969817250072956050e+00 7.920730599761008905e-01 3.824042218072073673e+00 3.159927755838558824e+03 1.565198214117462612e+03 4.574127778731633043e+03 5.652934170709778527e+01 3.957051419744000498e+01 6.769205143512657230e+01 7.434999999999999432e+01 2.837180030822753807e+01 0.000000000000000000e+00
9.278320312500000500e-02 3.160986328125000022e-01 5.051782226562500089e-01 4.855732404232026012e-01 9.754071190357209431e-02 1.025178888976574082e-01 7.029807701533076214e-01 4.443636546450483449e-01 5.980994278076054993e-01 5.784659888805959715e-01 6.999935095837112650e-04 7.102439211010932674e+00 6.770426846444606461e+00 3.824042218072073673e+00 3.863219753491742267e+03 2.406752285439051775e+03 3.136038397550714308e+03 6.255928705026815351e+01 4.952364046717595158e+01 5.612567821153712089e+01 7.700000000000000000e+01 2.829079959869384808e+01 0.000000000000000000e+00
-3.767211914062499889e-01 4.903710937499999867e-01 3.826831054687500067e-01 3.446834509074686026e-01 1.732756403923034205e-01 1.084334521949291696e-01 6.975688546387469602e-01 6.432258156960700690e-01 5.048562284513637977e-01 5.784659888805959715e-01 6.999935095837112650e-04 1.100670772343874049e+01 7.768292749822140131e+00 3.824042218072073673e+00 7.446242453782307166e+03 3.344187969878989861e+03 7.247814211867276754e+03 8.699074702916115598e+01 5.834838765660907001e+01 8.515418048726802169e+01 7.412000000000000455e+01 2.810989957809448114e+01 0.000000000000000000e+00
5.419677734375000222e-02 5.242993164062500488e-01 4.495263671874999978e-01 3.846864300906656653e-01 1.359169059455394291e-01 1.065448029279708608e-01 6.225943468785384294e-01 6.409420247804012982e-01 5.555346593370767971e-01 5.784659888805959715e-01 6.999935095837112650e-04 5.730488214492797994e+00 1.362500067651271740e+00 3.824042218072073673e+00 5.626978396105352658e+03 1.745838585751512710e+03 5.977072846147838391e+03 7.523175454076418589e+01 4.180544213599303305e+01 7.772959586186483705e+01 7.065000000000000568e+01 2.793769983291625891e+01 0.000000000000000000e+00
1.699047851562499878e-01 6.608203124999999512e-01 3.900512695312500222e-01 2.323756232917308373e-01 7.296568641662595778e-02 1.214412526786327190e-01 5.111196135061951695e-01 7.138971717476009227e-01 5.230499455516390839e-01 5.784659888805959715e-01 6.999935095837112650e-04 3.057927799224853249e-01 2.105182979702949542e+00 3.824042218072073673e+00 2.641228665033246671e+03 6.982768669894040841e+02 2.059166153295611366e+03 5.139379509490908049e+01 2.650865259434050003e+01 4.543276120976636179e+01 7.093999999999999773e+01 2.789619953155517607e+01 0.000000000000000000e+00
-5.686035156250000139e-02 6.885693359375000266e-01 4.392065429687500022e-01 1.708757716417312889e-01 9.218254659175872945e-02 1.001618295848370060e-01 4.172635512737032371e-01 7.525358974727839323e-01 5.413540587927622161e-01 5.784659888805959715e-01 6.999935095837112650e-04 2.588719286024570465e+00 2.219207246899604691e+00 3.824042218072073673e+00 2.582688927673243143e+03 6.183898792468758074e+02 1.752879748112505467e+03 5.088605305204047369e+01 2.496627245007887552e+01 4.188224154771669561e+01 7.159999999999999432e+01 2.797609956741332837e+01 0.000000000000000000e+00
8.163574218749999889e-02 7.579370117187500533e-01 4.134960937500000155e-01 1.142133209466935084e-01 8.105543195605278972e-02 4.686367378234864572e-02 3.476747263595635351e-01 8.096443328333752243e-01 4.667362138605246624e-01 5.784659888805959715e-01 6.999935095837112650e-04 1.524390147924423289e+00 -1.173781609535217152e-01 3.824042218072073673e+00 1.585097770256083777e+03 4.147193039431655279e+02 1.456660805769542549e+03 3.984245895497884504e+01 2.036499647866001084e+01 3.819386430171763180e+01 7.240999999999999659e+01 2.807129983901977610e+01 0.000000000000000000e+00
1.517553710937500078e-01 6.832763671874999556e-01 4.195361328125000178e-01 1.412658168017864035e-01 1.372373503446578935e-01 6.291989109516141210e-02 4.053338247143805639e-01 7.772412394498925403e-01 4.888051327783179967e-01 5.784659888805959715e-01 6.999935095837112650e-04 -6.588109886050224517e+00 -4.472561168670654119e+00 3.824042218072073673e+00 1.442995407821133313e+03 7.656206128201425827e+02 3.865016702761529928e+02 3.855384027164875960e+01 2.802899242262631319e+01 1.966050528327136959e+01 7.220999999999999375e+01 2.813310018539428725e+01 0.000000000000000000e+00
1.328540039062499900e-01 4.894262695312500133e-01 5.612548828125000222e-01 2.733404005229472244e-01 1.225041767299175494e-01 7.951851665973660999e-02 5.394354334643481907e-01 6.016994682041802989e-01 6.281126970063650727e-01 5.784659888805959715e-01 6.999935095837112650e-04 -4.267988031804561544e+00 -2.490855216979980524e-01 3.824042218072073673e+00 3.677049904793303540e+03 1.716243214008696441e+03 1.116397503149785734e+03 6.078869653671586804e+01 4.142831468459483091e+01 3.351133092260215562e+01 7.173000000000000398e+01 2.820850028991699077e+01 0.000000000000000000e+00
2.420605468750000044e-01 6.735278320312499956e-01 3.183813476562499800e-01 2.016915088653564447e-01 7.470112544894216833e-02 1.529076684653758178e-01 5.101811611758910736e-01 7.268705978161847936e-01 5.042562354604906982e-01 5.784659888805959715e-01 6.999935095837112650e-04 2.246951109468936725e+00 2.886280487477779211e+00 3.824042218072073673e+00 2.558076822617060770e+03 1.456179274188904856e+03 1.162725809644836772e+03 5.062732080512858346e+01 3.826891544375537535e+01 3.411734886336630979e+01 7.237000000000000455e+01 2.822369989395141587e+01 0.000000000000000000e+00
1.619750976562500111e-01 7.466992187500000044e-01 2.580981445312500178e-01 1.626379041373728629e-01 6.929938492774959102e-02 1.233642030417919366e-01 4.345961762350477597e-01 7.917443452337440402e-01 4.358656389901203743e-01 5.784659888805959715e-01 6.999935095837112650e-04 2.978658704161643911e+00 -5.672865993082523595e+00 3.824042218072073673e+00 3.455976515530590405e+03 7.909584732174653254e+02 2.094815223383021930e+03 5.886296733266571835e+01 2.869041445836810666e+01 4.577277083960442638e+01 7.432999999999999829e+01 2.829949993133545050e+01 0.000000000000000000e+00
1.546630859375000035e-02 6.658398437500000488e-01 3.436743164062500133e-01 2.551621536910533283e-01 9.993852863311765422e-02 9.967369162440299635e-02 5.053724966720789524e-01 7.370761332170118196e-01 4.666751840217200353e-01 5.784659888805959715e-01 6.999935095837112650e-04 4.032012418806552922e+00 -4.765243966877460657e+00 3.824042218072073673e+00 3.558690638887364912e+03 6.349547429798150233e+02 1.935021693487883795e+03 5.979086688644657954e+01 2.564492723802657181e+01 4.426413182844533623e+01 7.415000000000000568e+01 2.835799997329711886e+01 0.000000000000000000e+00
-9.329589843749999667e-02 6.835864257812499512e-01 3.709179687499999933e-01 2.339183378458022378e-01 6.867422873377798664e-02 9.214720139503480845e-02 4.925672162365890006e-01 7.320960526093296394e-01 4.792988013094345301e-01 5.784659888805959715e-01 6.999935095837112650e-04 3.620122067332267601e+00 -2.576524422466754949e+00 3.824042218072073673e+00 8.741229095757352070e+02 6.529122681712846088e+02 4.468934112897524074e+02 2.978637596885732464e+01 2.568172008006574458e+01 2.208246291523606075e+01 7.509000000000000341e+01 2.837320020675659293e+01 0.000000000000000000e+00
-2.053564453124999967e-01 7.177490234375000222e-01 2.645312499999999956e-01 1.906669163942336931e-01 6.211929976940153836e-02 1.760311537742614840e-01 4.825330931921866795e-01 7.597913926959731779e-01 4.959918709019573990e-01 5.784659888805959715e-01 6.999935095837112650e-04 -4.500609712898731019e+00 2.265242975950240989e-01 3.824042218072073673e+00 2.286189731262947134e+03 1.361656613334816711e+03 1.200627593873628030e+03 4.802546427730590750e+01 3.690132689473669103e+01 3.465181964340294485e+01 7.565999999999999659e+01 2.835130064010620288e+01 0.000000000000000000e+00
-4.099462890625000244e-01 6.441772460937500444e-01 8.419677734375000111e-02 2.824756992101669639e-01 1.148400096595286746e-01 1.368738539874553295e-01 6.712165515884436218e-01 7.278765925927667135e-01 3.794245001347809065e-01 5.784659888805959715e-01 6.999935095837112650e-04 3.689026719331741089e-01 -1.325914652049541509e+00 3.824042218072073673e+00 4.218556149060186726e+03 1.817079353602851825e+03 2.151336959432326694e+03 6.495146063208699161e+01 4.264782999482353887e+01 4.796823563314734429e+01 7.331000000000000227e+01 2.813750036239623853e+01 0.000000000000000000e+00
-7.492700195312500533e-01 4.759033203124999889e-01 2.511621093749999978e-01 1.512440162837504487e-01 8.579981148242944722e-02 8.968373789787296990e-02 8.441857487852483244e-01 5.588235694446785917e-01 3.908530965510857991e-01 5.784659888805959715e-01 6.999935095837112650e-04 -4.053048580884933472e+00 2.175609801113605357e+00 3.824042218072073673e+00 5.274603982235010335e+03 2.306305853600874343e+03 6.401376460660373596e+03 7.273947473713310785e+01 4.807326836826860728e+01 8.036518682406071434e+01 7.318999999999999773e+01 2.779820018768310419e+01 0.000000000000000000e+00
-6.103027343750000444e-01 4.465234375000000089e-01 3.479565429687500044e-01 2.773234820365905184e-01 9.547643532752989048e-02 9.260634881854054590e-02 8.060973325983608051e-01 5.430097748331481622e-01 4.622554538491721599e-01 5.784659888805959715e-01 6.999935095837112650e-04 -1.019176860302686727e+01 2.934755926728248809e+00 3.824042218072073673e+00 4.214648124578016905e+03 2.388854456112147091e+03 7.250179707806676561e+03 6.571544926298273026e+01 4.896393824501469538e+01 8.537985732959006668e+01 7.034999999999999432e+01 2.656100023269653221e+01 0.000000000000000000e+00
-1.588745117187500000e-01 3.319824218749999889e-01 2.832348632812500266e-01 6.072724096477031264e-01 1.330145788192748368e-01 1.466649432837962841e-01 7.953071860115275005e-01 4.931804003133796188e-01 4.763264962835310201e-01 5.784659888805959715e-01 6.999935095837112650e-04 9.134143421053886325e-01 -6.891768646836280432e+00 3.824042218072073673e+00 4.165679708614576157e+03 1.902398244041240559e+03 6.392869631815070534e+03 6.454854014131485940e+01 4.415761224435439658e+01 7.996051542838017667e+01 7.593999999999999773e+01 2.561899976730346751e+01 0.000000000000000000e+00
-1.746386718750000122e-01 1.771313476562499933e-01 2.816357421874999822e-01 7.684695194721220535e-01 9.532722885012626102e-02 2.524534013032913027e-01 8.938502028787520537e-01 3.559532879081826473e-01 5.759966081330646359e-01 5.784659888805959715e-01 6.999935095837112650e-04 3.455183024108409828e+00 -5.813414778709411479e+00 3.824042218072073673e+00 1.674630284549274438e+04 3.748467039436757204e+03 7.393755382960359384e+03 1.294536254232488659e+02 6.150010431557065971e+01 8.609563503561402342e+01 8.270000000000000284e+01 2.586179969787597699e+01 0.000000000000000000e+00
-1.408300781250000078e-01 2.041577148437500044e-01 2.927221679687500022e-01 7.509293076038361381e-01 1.092555425822735043e-01 2.400477772891522199e-01 8.779307595183857282e-01 3.885047169758630292e-01 5.707311494122930817e-01 5.784659888805959715e-01 6.999935095837112650e-04 -3.377134039998054504e+00 1.988719373047351802e+00 3.824042218072073673e+00 1.887854112840699599e+04 4.173285653838654071e+03 3.936020731298981900e+03 1.374407005320152848e+02 6.463157632754587212e+01 6.280951657466403049e+01 8.004999999999999716e+01 2.600729995727538935e+01 0.000000000000000000e+00
-4.180322265624999978e-01 1.974194335937499989e-01 3.626000976562500089e-01 6.884691400766373981e-01 5.606850106120111338e-02 1.041391268908978124e-01 9.290963795653487400e-01 3.082903401368232155e-01 4.854049419929918896e-01 5.784659888805959715e-01 6.999935095837112650e-04 -3.287804948687553352e+00 1.783841382265090925e+00 3.824042218072073673e+00 7.750280678684982377e+03 3.454674238537175825e+03 7.040546809107567242e+03 8.809705068880339240e+01 5.880354010273750021e+01 8.401166358207903784e+01 7.842000000000000171e+01 2.592639997482299918e+01 0.000000000000000000e+00
-8.037548828124999600e-01 2.054663085937500078e-01 4.597998046874999800e-01 1.868760411500931529e-01 4.985420596003533461e-02 5.677077915668485297e-02 9.126324302779452724e-01 3.034313924549953967e-01 5.178673957176180842e-01 5.784659888805959715e-01 6.999935095837112650e-04 7.725608327984809787e-01 -5.789938962757587682e+00 3.824042218072073673e+00 4.648774083455993605e+03 3.900572398539120968e+03 9.468090311092604679e+03 6.818629579098990234e+01 6.272237074387079048e+01 9.730419319023361879e+01 7.995000000000000284e+01 2.590060020446777500e+01 0.000000000000000000e+00
-5.368872070312500355e-01 2.915625000000000022e-01 5.154858398437499600e-01 2.161042894065378916e-01 1.097824980258941818e-01 1.153270974814892130e-01 7.101775570097623724e-01 4.413515485779382352e-01 6.172947015493535083e-01 5.784659888805959715e-01 6.999935095837112650e-04 -6.939025324583053544e-01 -4.322560964822769414e+00 3.824042218072073673e+00 2.462418248933785890e+03 2.196105205535771802e+03 4.236445585957309959e+03 4.962761075911610931e+01 4.706155266064201470e+01 6.509192993623403822e+01 7.804999999999999716e+01 2.606519992828368970e+01 0.000000000000000000e+00
-3.362768554687500244e-01 4.599365234375000222e-01 5.554296874999999911e-01 1.971867428958415658e-01 1.170415574312211465e-01 1.576820849418640036e-01 5.570178331254683757e-01 5.732217398380795581e-01 6.827768469260009354e-01 5.784659888805959715e-01 6.999935095837112650e-04 -4.628963647484779287e+00 -6.981716394424437866e-02 3.824042218072073673e+00 1.984764214780792599e+03 6.233607052769571055e+02 1.300089704441551248e+03 4.479052934751416615e+01 2.496729019564074648e+01 3.606534875263169226e+01 7.434000000000000341e+01 2.625169939041137823e+01 0.000000000000000000e+00
-1.856250000000000122e-01 5.950708007812499645e-01 4.635791015624999845e-01 2.168846415042878228e-01 6.915735136866568711e-02 1.821500341653823074e-01 5.013394879014496652e-01 6.505894322159743171e-01 6.301234939048671047e-01 5.784659888805959715e-01 6.999935095837112650e-04 -5.141158759593963623e+00 7.222559681534767018e-01 3.824042218072073673e+00 1.643877235130281178e+03 7.683818060801179399e+02 5.467523085942103762e+02 4.086941091478603028e+01 2.772910852810908011e+01 2.346484455517333600e+01 7.490999999999999659e+01 2.641469930648803555e+01 0.000000000000000000e+00
-2.514916992187499756e-01 5.484228515625000355e-01 3.849829101562500244e-01 2.654199300944806161e-01 1.192996480703353845e-01 1.271399162948131933e-01 5.732957394490341141e-01 6.481259693811685096e-01 5.247397044318148351e-01 5.784659888805959715e-01 6.999935095837112650e-04 1.236585573852062137e+00 2.994512232542037911e+00 3.824042218072073673e+00 1.461486215468310320e+03 8.516435765501024662e+02 1.776687529406033036e+03 3.824938377738612871e+01 2.933616675813229691e+01 4.222564128812855699e+01 7.396999999999999886e+01 2.654249967575073299e+01 0.000000000000000000e+00
-3.407763671874999845e-01 4.705078125000000111e-01 4.564624023437500178e-01 2.856131427049636295e-01 1.144148850440978304e-01 1.714269936740397404e-01 6.338309515466040711e-01 5.794760449471859642e-01 6.162669214126841322e-01 5.784659888805959715e-01 6.999935095837112650e-04 -5.049390168488026021e+00 -1.262804953157901755e+00 3.824042218072073673e+00 2.139833017732931239e+03 7.913858234303381778e+02 1.679256874941937212e+03 4.653309960454551941e+01 2.815990944197190515e+01 4.099937147021296369e+01 7.506000000000000227e+01 2.670160018920898537e+01 0.000000000000000000e+00
-2.756689453125000244e-01 4.570996093749999933e-01 5.598144531250000000e-01 2.936118149995803339e-01 6.961749205589294609e-02 1.669061744213104215e-01 6.079516283466033233e-01 5.277855103606677867e-01 6.930356385850249268e-01 5.784659888805959715e-01 6.999935095837112650e-04 -5.198780508041381587e+00 -2.860670950114727162e+00 3.824042218072073673e+00 2.881157148555842014e+03 1.063279622996918079e+03 1.651458063742421245e+03 5.392758540233959508e+01 3.273321037236874531e+01 4.065164309661626874e+01 7.189000000000000057e+01 2.684570022583007898e+01 0.000000000000000000e+00
-3.191748046874999800e-01 5.047827148437500355e-01 5.262622070312500400e-01 2.294744434595108462e-01 1.413265157878399181e-01 1.006161227881908343e-01 5.756274831927455926e-01 6.293902644566934379e-01 6.144656486229259640e-01 5.784659888805959715e-01 6.999935095837112650e-04 -4.112195179164409353e+00 1.605182890295982379e+00 3.824042218072073673e+00 5.486515401665997160e+03 1.155877624163449354e+03 2.183742067669952576e+03 7.418507633518710520e+01 3.403607257417853305e+01 4.696769204474942683e+01 6.987999999999999545e+01 2.686469997406005916e+01 0.000000000000000000e+00
-2.772607421875000200e-01 6.968383789062500000e-01 3.253564453125000200e-01 1.446825340032577567e-01 4.785870103538036324e-01 1.423107590913771925e-01 4.706974114668797116e-01 9.819219605806227547e-01 4.981642054561558619e-01 5.784659888805959715e-01 6.999935095837112650e-04 -3.607926912605762482e+00 1.843597597479820216e+00 3.824042218072073673e+00 4.372444698038566457e+03 9.544814382970305360e+02 8.829079663188914537e+02 6.622281959147669284e+01 3.094964119983403350e+01 2.983415235571860435e+01 7.329999999999999716e+01 2.694609966278076030e+01 0.000000000000000000e+00
-2.607836914062500178e-01 7.426391601562499778e-01 3.205566406250000000e-01 1.989263678252697065e-01 4.087016861140723156e-01 1.415580689907073864e-01 5.166570444005771368e-01 9.799054078387633426e-01 4.942819325440621081e-01 5.784659888805959715e-01 6.999935095837112650e-04 -4.428963613808154953e+00 -5.527439215779303971e-01 3.824042218072073673e+00 1.381811683311859269e+03 7.608151880189521989e+02 3.078564647263310235e+03 3.743564346988435432e+01 2.758841629854445543e+01 5.613521461360471676e+01 7.443000000000000682e+01 2.718439998626708842e+01 0.000000000000000000e+00
-4.667480468750000167e-02 5.173828124999999556e-01 3.675659179687499889e-01 5.110120897054671874e-01 5.079618108272555554e-01 1.214656047523020449e-01 7.163732456604472443e-01 8.807081159485617983e-01 5.065276979638053678e-01 5.784659888805959715e-01 6.999935095837112650e-04 -7.332317231893539677e+00 -1.059756059944629625e+00 3.824042218072073673e+00 2.131102013537983112e+03 9.383926740519094665e+02 6.431416950188630835e+03 4.674253832995280789e+01 3.065152128293958711e+01 8.156264429463996635e+01 7.585999999999999943e+01 2.738550010681152358e+01 0.000000000000000000e+00
2.194580078124999944e-01 1.714843749999999944e-01 2.942138671874999778e-01 5.199355250596997546e-01 6.819322407245632656e-01 9.813347876071935871e-02 7.537223243693471630e-01 8.434092313899014259e-01 4.297618857066587417e-01 5.784659888805959715e-01 6.999935095837112650e-04 -1.962195039093494353e+00 5.489329353272914602e+00 3.824042218072073673e+00 2.393737206552729276e+03 1.226711679140237948e+03 4.864297519579065010e+03 4.896516533132684401e+01 3.545200157803423480e+01 6.999024404053194814e+01 7.648999999999999488e+01 2.756649969100952191e+01 0.000000000000000000e+00
3.376708984374999778e-01 -3.886474609374999944e-02 3.016015624999999756e-01 4.089437907934189709e-01 3.638373740851877369e-01 7.347511472702027147e-02 7.231634852818602521e-01 6.044401066889254492e-01 4.055103170444146476e-01 5.784659888805959715e-01 6.999935095837112650e-04 -6.427439242005347886e+00 5.075304920673370468e+00 3.824042218072073673e+00 2.574071854350997455e+03 7.824423026025183390e+02 4.057452637233815040e+03 5.114082351273459182e+01 2.842887656310620770e+01 6.405020276142845148e+01 7.584000000000000341e+01 2.778669973373413171e+01 0.000000000000000000e+00
4.796679687500000067e-01 -1.041992187499999993e-02 2.682006835937499889e-01 3.416968990325927602e-01 3.508673738002778264e-01 6.345790073275567322e-02 7.561602074146349661e-01 5.924322312063707852e-01 3.679531320873766775e-01 5.784659888805959715e-01 6.999935095837112650e-04 -7.071951384544372665e+00 -3.190243906378745997e+00 3.824042218072073673e+00 2.170786867103520308e+03 5.464772991124198143e+02 3.744579311280113870e+03 4.712535796669219934e+01 2.359353630328879703e+01 6.377991275003163452e+01 7.490000000000000568e+01 2.787209964752197422e+01 0.000000000000000000e+00
5.269287109375000444e-01 2.534912109374999958e-02 2.157202148437500078e-01 3.236370640993116998e-01 3.625531304538249788e-01 5.699798952937125407e-02 7.754295135662346850e-01 6.026572063736155282e-01 3.217657542710301022e-01 5.784659888805959715e-01 6.999935095837112650e-04 3.067074409127235612e-01 -2.591461971402168052e-01 3.824042218072073673e+00 9.280150074539030811e+02 1.001945411386347814e+03 3.950796846180717239e+03 3.046488268331611948e+01 3.165458210335178890e+01 6.446151451257712495e+01 7.400000000000000000e+01 2.782509998321533118e+01 0.000000000000000000e+00
6.379711914062500266e-01 -1.364379882812500056e-01 1.569433593750000078e-01 2.619524701297283320e-01 3.246922163665293404e-01 5.554031100273132404e-02 8.178995728046557501e-01 5.859245181870817998e-01 2.831457735065839310e-01 5.784659888805959715e-01 6.999935095837112650e-04 -4.292684185504913597e-01 2.602744125425815458e+00 3.824042218072073673e+00 1.416028293207719344e+03 9.979850001936126773e+02 5.880937346996667657e+03 3.763259975849243943e+01 3.169793805874525816e+01 7.712504381197862813e+01 7.645000000000000284e+01 2.777080041885376005e+01 0.000000000000000000e+00
6.828491210937499556e-01 -2.379614257812500133e-01 1.415258789062500133e-01 2.240165619552134391e-01 2.703240379035473095e-01 5.434956871867181044e-02 8.308426349999863403e-01 5.717951364460812647e-01 2.727253987417716519e-01 5.784659888805959715e-01 6.999935095837112650e-04 -9.536587530374527333e-01 1.734451308548450532e+00 3.824042218072073673e+00 1.136097004770166222e+03 5.217133178330478813e+02 5.859348664618303701e+03 3.371952653563526781e+01 2.290680333819569370e+01 7.659131602259783733e+01 7.840000000000000568e+01 2.773320035934448313e+01 0.000000000000000000e+00
2.042749023437500089e-01 1.042504882812499978e-01 2.181201171874999900e-01 6.432162443339823898e-01 3.292672902286050696e-01 5.922210476398468565e-02 8.276137263612362016e-01 5.832113292242223634e-01 3.268003829340985211e-01 5.784659888805959715e-01 6.999935095837112650e-04 6.798780469596385601e+00 -2.035060960650444173e+00 3.824042218072073673e+00 3.968059996588885497e+03 2.669869583955206963e+03 7.198243292833507439e+03 6.335837286785899636e+01 5.171084080798503635e+01 8.492050665353664840e+01 7.632999999999999829e+01 2.752540004730224510e+01 0.000000000000000000e+00
-4.722192382812500089e-01 4.151977539062500222e-01 3.014257812500000244e-01 4.453401998221873104e-01 1.447463946044445782e-01 9.399591746330265840e-02 8.175152651939359139e-01 5.631479108131711708e-01 4.299458327109073053e-01 5.784659888805959715e-01 6.999935095837112650e-04 6.419207123816013549e+00 -1.021006110757589269e+01 3.824042218072073673e+00 6.654469102716352609e+03 4.052666606307253460e+03 7.556473453331152996e+03 8.182710628401082431e+01 6.447411848275001489e+01 8.732075220014682770e+01 7.273999999999999488e+01 2.679499996185302635e+01 0.000000000000000000e+00
-6.566088867187499512e-01 4.684326171875000111e-01 3.078784179687499845e-01 2.626031094253062914e-01 2.321843212842941151e-01 8.274954587817194562e-02 8.329095626437138522e-01 6.720219030131570070e-01 4.213533744128700187e-01 5.784659888805959715e-01 6.999935095837112650e-04 -2.602744373083114571e+00 -1.243140274584293437e+01 3.824042218072073673e+00 6.553163174452567546e+03 2.958962998716888706e+03 6.431084991642290333e+03 8.099344080062401474e+01 5.579877035335311319e+01 8.176846040867599186e+01 7.128000000000000114e+01 2.616239999771118008e+01 0.000000000000000000e+00
-1.215820312499999931e-02 4.749047851562500089e-01 4.021142578124999867e-01 6.108578622341163111e-01 2.561092463672163255e-01 5.524854400157928197e-02 7.816685257430698863e-01 6.940056205330905614e-01 4.657729278711644771e-01 5.784659888805959715e-01 6.999935095837112650e-04 7.219509696960448863e-01 -6.239939375519752751e+00 3.824042218072073673e+00 4.728518281702631612e+03 4.553832546555823683e+03 6.154064218023638205e+03 6.876801214885647084e+01 6.776997410332975846e+01 7.877683758704418437e+01 7.282999999999999829e+01 2.621259983062743970e+01 0.000000000000000000e+00
4.342700195312499956e-01 4.910595703125000266e-01 5.472045898437499778e-01 1.949142203986645450e-01 1.715676162004471095e-01 6.554835125803948337e-02 6.192775389616006487e-01 6.424228496838699787e-01 6.041367514098989755e-01 5.784659888805959715e-01 6.999935095837112650e-04 4.548780675232410253e+00 -3.333232036530971332e+00 3.824042218072073673e+00 1.772655962796484573e+03 5.871932638548428258e+03 4.412009634140923481e+03 4.234793228042960322e+01 7.670099787067819364e+01 6.650593146405365985e+01 7.448000000000000398e+01 2.659039964675903178e+01 0.000000000000000000e+00
1.914575195312500089e-01 5.122631835937500044e-01 5.339965820312500000e-01 2.886267808616160835e-01 5.358716736495494626e-01 1.300281099975109100e-01 5.703356578776003216e-01 8.934680984316974994e-01 6.443449849409619290e-01 5.784659888805959715e-01 6.999935095837112650e-04 -1.561585220992565137e+00 -3.765245389938354226e-01 3.824042218072073673e+00 1.877778573122757962e+03 4.320146575696212494e+03 2.540395691181054644e+03 4.336147047235805729e+01 6.572890038959025105e+01 5.045012973748706742e+01 7.406000000000000227e+01 2.699220001220703224e+01 0.000000000000000000e+00
8.890845070422535856e-02 3.756945972711267512e-01 5.835511113556337559e-01 2.991338749769966721e-01 6.772838741085683845e-01 1.771390777191361454e-01 5.541106275678372439e-01 9.046713793015023208e-01 7.194935561098039223e-01 5.784659888805959715e-01 6.999935095837112650e-04 -4.653040096373625367e+00 8.614737340262237808e+00 3.824042218072073673e+00 3.677576637694418423e+03 2.534411165288888242e+03 1.749061437342115823e+03 6.082127440158483722e+01 5.107469887067956904e+01 4.211945581674798689e+01 7.256338028169014365e+01 2.717295832029530800e+01 0.000000000000000000e+00
6.644112723214286309e-02 6.949869791666667129e-02 8.458426339285713969e-01 1.579399579236297202e-01 1.030682855182224050e-01 9.864290312033932584e-02 4.029322291794333877e-01 3.284788494413825588e-01 9.022708376599359870e-01 5.784659888805959715e-01 6.999935095837112650e-04 -5.502318527017321381e-01 1.300377500482967896e+01 3.824042218072073673e+00 7.284142529988277602e+03 9.409692683499195027e+02 1.174146111697549486e+03 8.534896182778092566e+01 3.331767447956342920e+01 4.037603341503854182e+01 7.242857142857143060e+01 2.720000076293945312e+01 0.000000000000000000e+00
