5.000000000000000000e+01 2.500000000000000000e+01 7.061170212765957022e-01
5.000000000000000000e+01 3.000000000000000000e+01 7.030883919062832499e-01
5.000000000000000000e+01 3.500000000000000000e+01 7.101610904584881867e-01
5.000000000000000000e+01 4.000000000000000000e+01 7.107344632768362036e-01
5.000000000000000000e+01 4.500000000000000000e+01 7.178628389154705358e-01
5.000000000000000000e+01 5.000000000000000000e+01 7.109347442680775675e-01
5.000000000000000000e+01 5.500000000000000000e+01 7.187134502923976376e-01
5.000000000000000000e+01 6.000000000000000000e+01 7.209401709401709324e-01
5.000000000000000000e+01 6.500000000000000000e+01 7.173515981735160141e-01
5.000000000000000000e+01 7.000000000000000000e+01 7.165432098765431856e-01
5.000000000000000000e+01 7.500000000000000000e+01 7.277777777777777457e-01
5.000000000000000000e+01 8.000000000000000000e+01 7.235294117647058654e-01
5.000000000000000000e+01 8.500000000000000000e+01 7.204204204204204265e-01
5.000000000000000000e+01 9.000000000000000000e+01 7.225396825396825928e-01
5.000000000000000000e+01 9.500000000000000000e+01 7.226666666666666794e-01
5.500000000000000000e+01 2.500000000000000000e+01 7.041666666666667185e-01
5.500000000000000000e+01 3.000000000000000000e+01 7.028753993610223905e-01
5.500000000000000000e+01 3.500000000000000000e+01 7.104089219330854688e-01
5.500000000000000000e+01 4.000000000000000000e+01 7.103107344632768605e-01
5.500000000000000000e+01 4.500000000000000000e+01 7.156299840510367272e-01
5.500000000000000000e+01 5.000000000000000000e+01 7.128747795414461796e-01
5.500000000000000000e+01 5.500000000000000000e+01 7.198830409356725690e-01
5.500000000000000000e+01 6.000000000000000000e+01 7.196581196581196549e-01
5.500000000000000000e+01 6.500000000000000000e+01 7.200913242009132631e-01
5.500000000000000000e+01 7.000000000000000000e+01 7.180246913580247137e-01
5.500000000000000000e+01 7.500000000000000000e+01 7.267195767195767653e-01
5.500000000000000000e+01 8.000000000000000000e+01 7.263305322128851271e-01
5.500000000000000000e+01 8.500000000000000000e+01 7.180180180180180116e-01
5.500000000000000000e+01 9.000000000000000000e+01 7.231746031746031367e-01
5.500000000000000000e+01 9.500000000000000000e+01 7.219999999999999751e-01
6.000000000000000000e+01 2.500000000000000000e+01 7.049645390070922168e-01
6.000000000000000000e+01 3.000000000000000000e+01 7.050053248136315398e-01
6.000000000000000000e+01 3.500000000000000000e+01 7.143742255266418706e-01
6.000000000000000000e+01 4.000000000000000000e+01 7.104519774011299749e-01
6.000000000000000000e+01 4.500000000000000000e+01 7.153110047846890085e-01
6.000000000000000000e+01 5.000000000000000000e+01 7.134038800705467809e-01
6.000000000000000000e+01 5.500000000000000000e+01 7.187134502923976376e-01
6.000000000000000000e+01 6.000000000000000000e+01 7.164529914529914612e-01
6.000000000000000000e+01 6.500000000000000000e+01 7.187214611872145831e-01
6.000000000000000000e+01 7.000000000000000000e+01 7.170370370370370283e-01
6.000000000000000000e+01 7.500000000000000000e+01 7.256613756613756738e-01
6.000000000000000000e+01 8.000000000000000000e+01 7.257703081232492748e-01
6.000000000000000000e+01 8.500000000000000000e+01 7.183183183183182718e-01
6.000000000000000000e+01 9.000000000000000000e+01 7.263492063492063000e-01
6.000000000000000000e+01 9.500000000000000000e+01 7.253333333333333854e-01
6.500000000000000000e+01 2.500000000000000000e+01 7.046985815602836434e-01
6.500000000000000000e+01 3.000000000000000000e+01 7.028753993610223905e-01
6.500000000000000000e+01 3.500000000000000000e+01 7.102850061957868277e-01
6.500000000000000000e+01 4.000000000000000000e+01 7.112994350282485501e-01
6.500000000000000000e+01 4.500000000000000000e+01 7.161084529505582497e-01
6.500000000000000000e+01 5.000000000000000000e+01 7.114638447971781687e-01
6.500000000000000000e+01 5.500000000000000000e+01 7.189083820662768298e-01
6.500000000000000000e+01 6.000000000000000000e+01 7.196581196581196549e-01
6.500000000000000000e+01 6.500000000000000000e+01 7.148401826484018784e-01
6.500000000000000000e+01 7.000000000000000000e+01 7.145679012345679260e-01
6.500000000000000000e+01 7.500000000000000000e+01 7.240740740740740922e-01
6.500000000000000000e+01 8.000000000000000000e+01 7.280112044817926842e-01
6.500000000000000000e+01 8.500000000000000000e+01 7.201201201201201663e-01
6.500000000000000000e+01 9.000000000000000000e+01 7.269841269841269549e-01
6.500000000000000000e+01 9.500000000000000000e+01 7.233333333333333837e-01
7.000000000000000000e+01 2.500000000000000000e+01 7.048758865248226924e-01
7.000000000000000000e+01 3.000000000000000000e+01 7.026624068157614200e-01
7.000000000000000000e+01 3.500000000000000000e+01 7.137546468401486655e-01
7.000000000000000000e+01 4.000000000000000000e+01 7.124293785310734650e-01
7.000000000000000000e+01 4.500000000000000000e+01 7.173843700159490133e-01
7.000000000000000000e+01 5.000000000000000000e+01 7.091710758377425261e-01
7.000000000000000000e+01 5.500000000000000000e+01 7.181286549707602829e-01
7.000000000000000000e+01 6.000000000000000000e+01 7.202991452991452936e-01
7.000000000000000000e+01 6.500000000000000000e+01 7.166666666666666741e-01
7.000000000000000000e+01 7.000000000000000000e+01 7.162962962962963198e-01
7.000000000000000000e+01 7.500000000000000000e+01 7.275132275132275561e-01
7.000000000000000000e+01 8.000000000000000000e+01 7.240896358543417177e-01
7.000000000000000000e+01 8.500000000000000000e+01 7.186186186186186431e-01
7.000000000000000000e+01 9.000000000000000000e+01 7.238095238095237915e-01
7.000000000000000000e+01 9.500000000000000000e+01 7.256666666666666821e-01
7.500000000000000000e+01 2.500000000000000000e+01 7.040780141843971940e-01
7.500000000000000000e+01 3.000000000000000000e+01 7.021299254526091049e-01
7.500000000000000000e+01 3.500000000000000000e+01 7.121437422552664431e-01
7.500000000000000000e+01 4.000000000000000000e+01 7.101694915254237461e-01
7.500000000000000000e+01 4.500000000000000000e+01 7.161084529505582497e-01
7.500000000000000000e+01 5.000000000000000000e+01 7.126984126984127199e-01
7.500000000000000000e+01 5.500000000000000000e+01 7.179337231968810906e-01
7.500000000000000000e+01 6.000000000000000000e+01 7.224358974358974228e-01
7.500000000000000000e+01 6.500000000000000000e+01 7.162100456621004474e-01
7.500000000000000000e+01 7.000000000000000000e+01 7.155555555555555003e-01
7.500000000000000000e+01 7.500000000000000000e+01 7.264550264550264647e-01
7.500000000000000000e+01 8.000000000000000000e+01 7.268907563025209795e-01
7.500000000000000000e+01 8.500000000000000000e+01 7.219219219219219497e-01
7.500000000000000000e+01 9.000000000000000000e+01 7.244444444444444464e-01
7.500000000000000000e+01 9.500000000000000000e+01 7.223333333333333828e-01
8.000000000000000000e+01 2.500000000000000000e+01 7.038120567375886205e-01
8.000000000000000000e+01 3.000000000000000000e+01 7.015974440894569009e-01
8.000000000000000000e+01 3.500000000000000000e+01 7.121437422552664431e-01
8.000000000000000000e+01 4.000000000000000000e+01 7.115819209039547788e-01
8.000000000000000000e+01 4.500000000000000000e+01 7.149920255183412898e-01
8.000000000000000000e+01 5.000000000000000000e+01 7.114638447971781687e-01
8.000000000000000000e+01 5.500000000000000000e+01 7.155945419103313387e-01
8.000000000000000000e+01 6.000000000000000000e+01 7.179487179487179516e-01
8.000000000000000000e+01 6.500000000000000000e+01 7.168949771689497874e-01
8.000000000000000000e+01 7.000000000000000000e+01 7.170370370370370283e-01
8.000000000000000000e+01 7.500000000000000000e+01 7.259259259259259744e-01
8.000000000000000000e+01 8.000000000000000000e+01 7.238095238095237915e-01
8.000000000000000000e+01 8.500000000000000000e+01 7.222222222222222099e-01
8.000000000000000000e+01 9.000000000000000000e+01 7.257142857142857562e-01
8.000000000000000000e+01 9.500000000000000000e+01 7.249999999999999778e-01
8.500000000000000000e+01 2.500000000000000000e+01 7.051418439716311548e-01
8.500000000000000000e+01 3.000000000000000000e+01 7.029818956336528757e-01
8.500000000000000000e+01 3.500000000000000000e+01 7.128872366790582893e-01
8.500000000000000000e+01 4.000000000000000000e+01 7.086158192090395991e-01
8.500000000000000000e+01 4.500000000000000000e+01 7.146730462519935712e-01
8.500000000000000000e+01 5.000000000000000000e+01 7.119929453262786589e-01
8.500000000000000000e+01 5.500000000000000000e+01 7.181286549707602829e-01
8.500000000000000000e+01 6.000000000000000000e+01 7.196581196581196549e-01
8.500000000000000000e+01 6.500000000000000000e+01 7.175799086757991274e-01
8.500000000000000000e+01 7.000000000000000000e+01 7.170370370370370283e-01
8.500000000000000000e+01 7.500000000000000000e+01 7.248677248677248830e-01
8.500000000000000000e+01 8.000000000000000000e+01 7.221288515406162345e-01
8.500000000000000000e+01 8.500000000000000000e+01 7.219219219219219497e-01
8.500000000000000000e+01 9.000000000000000000e+01 7.244444444444444464e-01
8.500000000000000000e+01 9.500000000000000000e+01 7.253333333333333854e-01
9.000000000000000000e+01 2.500000000000000000e+01 7.054964539007092528e-01
9.000000000000000000e+01 3.000000000000000000e+01 7.024494142705005606e-01
9.000000000000000000e+01 3.500000000000000000e+01 7.111524163568773149e-01
9.000000000000000000e+01 4.000000000000000000e+01 7.101694915254237461e-01
9.000000000000000000e+01 4.500000000000000000e+01 7.169059011164273798e-01
9.000000000000000000e+01 5.000000000000000000e+01 7.130511463844797504e-01
9.000000000000000000e+01 5.500000000000000000e+01 7.198830409356725690e-01
9.000000000000000000e+01 6.000000000000000000e+01 7.200854700854700807e-01
9.000000000000000000e+01 6.500000000000000000e+01 7.159817351598173341e-01
9.000000000000000000e+01 7.000000000000000000e+01 7.155555555555555003e-01
9.000000000000000000e+01 7.500000000000000000e+01 7.227513227513227001e-01
9.000000000000000000e+01 8.000000000000000000e+01 7.254901960784313486e-01
9.000000000000000000e+01 8.500000000000000000e+01 7.225225225225224701e-01
9.000000000000000000e+01 9.000000000000000000e+01 7.260317460317460281e-01
9.000000000000000000e+01 9.500000000000000000e+01 7.209999999999999742e-01
9.500000000000000000e+01 2.500000000000000000e+01 7.060283687943262887e-01
9.500000000000000000e+01 3.000000000000000000e+01 7.036208732694355650e-01
9.500000000000000000e+01 3.500000000000000000e+01 7.132589838909541013e-01
9.500000000000000000e+01 4.000000000000000000e+01 7.107344632768362036e-01
9.500000000000000000e+01 4.500000000000000000e+01 7.122807017543859587e-01
9.500000000000000000e+01 5.000000000000000000e+01 7.142857142857143016e-01
9.500000000000000000e+01 5.500000000000000000e+01 7.179337231968810906e-01
9.500000000000000000e+01 6.000000000000000000e+01 7.188034188034188032e-01
9.500000000000000000e+01 6.500000000000000000e+01 7.173515981735160141e-01
9.500000000000000000e+01 7.000000000000000000e+01 7.160493827160493430e-01
9.500000000000000000e+01 7.500000000000000000e+01 7.238095238095237915e-01
9.500000000000000000e+01 8.000000000000000000e+01 7.238095238095237915e-01
9.500000000000000000e+01 8.500000000000000000e+01 7.210210210210210580e-01
9.500000000000000000e+01 9.000000000000000000e+01 7.225396825396825928e-01
9.500000000000000000e+01 9.500000000000000000e+01 7.246666666666666812e-01
1.000000000000000000e+02 2.500000000000000000e+01 7.041666666666667185e-01
1.000000000000000000e+02 3.000000000000000000e+01 7.015974440894569009e-01
1.000000000000000000e+02 3.500000000000000000e+01 7.143742255266418706e-01
1.000000000000000000e+02 4.000000000000000000e+01 7.128531073446328081e-01
1.000000000000000000e+02 4.500000000000000000e+01 7.138755980861244410e-01
1.000000000000000000e+02 5.000000000000000000e+01 7.135802469135802406e-01
1.000000000000000000e+02 5.500000000000000000e+01 7.165692007797270779e-01
1.000000000000000000e+02 6.000000000000000000e+01 7.205128205128205066e-01
1.000000000000000000e+02 6.500000000000000000e+01 7.166666666666666741e-01
1.000000000000000000e+02 7.000000000000000000e+01 7.138271604938271064e-01
1.000000000000000000e+02 7.500000000000000000e+01 7.238095238095237915e-01
1.000000000000000000e+02 8.000000000000000000e+01 7.238095238095237915e-01
1.000000000000000000e+02 8.500000000000000000e+01 7.201201201201201663e-01
1.000000000000000000e+02 9.000000000000000000e+01 7.222222222222222099e-01
1.000000000000000000e+02 9.500000000000000000e+01 7.243333333333333846e-01
1.050000000000000000e+02 2.500000000000000000e+01 7.036347517730496826e-01
1.050000000000000000e+02 3.000000000000000000e+01 7.033013844515442203e-01
1.050000000000000000e+02 3.500000000000000000e+01 7.133828996282527424e-01
1.050000000000000000e+02 4.000000000000000000e+01 7.091807909604519455e-01
1.050000000000000000e+02 4.500000000000000000e+01 7.159489633173843348e-01
1.050000000000000000e+02 5.000000000000000000e+01 7.142857142857143016e-01
1.050000000000000000e+02 5.500000000000000000e+01 7.196881091617933768e-01
1.050000000000000000e+02 6.000000000000000000e+01 7.198717948717948678e-01
1.050000000000000000e+02 6.500000000000000000e+01 7.150684931506848807e-01
1.050000000000000000e+02 7.000000000000000000e+01 7.160493827160493430e-01
1.050000000000000000e+02 7.500000000000000000e+01 7.243386243386243928e-01
1.050000000000000000e+02 8.000000000000000000e+01 7.257703081232492748e-01
1.050000000000000000e+02 8.500000000000000000e+01 7.192192192192192746e-01
1.050000000000000000e+02 9.000000000000000000e+01 7.250793650793651013e-01
1.050000000000000000e+02 9.500000000000000000e+01 7.259999999999999787e-01
1.100000000000000000e+02 2.500000000000000000e+01 7.050531914893617413e-01
1.100000000000000000e+02 3.000000000000000000e+01 7.037273695420660502e-01
1.100000000000000000e+02 3.500000000000000000e+01 7.142503097893432296e-01
1.100000000000000000e+02 4.000000000000000000e+01 7.121468926553672363e-01
1.100000000000000000e+02 4.500000000000000000e+01 7.169059011164273798e-01
1.100000000000000000e+02 5.000000000000000000e+01 7.123456790123456894e-01
1.100000000000000000e+02 5.500000000000000000e+01 7.169590643274853514e-01
1.100000000000000000e+02 6.000000000000000000e+01 7.198717948717948678e-01
1.100000000000000000e+02 6.500000000000000000e+01 7.162100456621004474e-01
1.100000000000000000e+02 7.000000000000000000e+01 7.175308641975308710e-01
1.100000000000000000e+02 7.500000000000000000e+01 7.224867724867725105e-01
1.100000000000000000e+02 8.000000000000000000e+01 7.249299719887954963e-01
1.100000000000000000e+02 8.500000000000000000e+01 7.219219219219219497e-01
1.100000000000000000e+02 9.000000000000000000e+01 7.234920634920635196e-01
1.100000000000000000e+02 9.500000000000000000e+01 7.213333333333333819e-01
1.150000000000000000e+02 2.500000000000000000e+01 7.049645390070922168e-01
1.150000000000000000e+02 3.000000000000000000e+01 7.027689030883919052e-01
1.150000000000000000e+02 3.500000000000000000e+01 7.118959107806691611e-01
1.150000000000000000e+02 4.000000000000000000e+01 7.120056497175141219e-01
1.150000000000000000e+02 4.500000000000000000e+01 7.148325358851674860e-01
1.150000000000000000e+02 5.000000000000000000e+01 7.148148148148147918e-01
1.150000000000000000e+02 5.500000000000000000e+01 7.159844054580897232e-01
1.150000000000000000e+02 6.000000000000000000e+01 7.200854700854700807e-01
1.150000000000000000e+02 6.500000000000000000e+01 7.162100456621004474e-01
1.150000000000000000e+02 7.000000000000000000e+01 7.165432098765431856e-01
1.150000000000000000e+02 7.500000000000000000e+01 7.219576719576719093e-01
1.150000000000000000e+02 8.000000000000000000e+01 7.254901960784313486e-01
1.150000000000000000e+02 8.500000000000000000e+01 7.213213213213213182e-01
1.150000000000000000e+02 9.000000000000000000e+01 7.234920634920635196e-01
1.150000000000000000e+02 9.500000000000000000e+01 7.279999999999999805e-01
1.200000000000000000e+02 2.500000000000000000e+01 7.028368794326240732e-01
1.200000000000000000e+02 3.000000000000000000e+01 7.011714589989350710e-01
1.200000000000000000e+02 3.500000000000000000e+01 7.121437422552664431e-01
1.200000000000000000e+02 4.000000000000000000e+01 7.112994350282485501e-01
1.200000000000000000e+02 4.500000000000000000e+01 7.165869218500797722e-01
1.200000000000000000e+02 5.000000000000000000e+01 7.132275132275132101e-01
1.200000000000000000e+02 5.500000000000000000e+01 7.183235867446393641e-01
1.200000000000000000e+02 6.000000000000000000e+01 7.183760683760683774e-01
1.200000000000000000e+02 6.500000000000000000e+01 7.146118721461187651e-01
1.200000000000000000e+02 7.000000000000000000e+01 7.148148148148147918e-01
1.200000000000000000e+02 7.500000000000000000e+01 7.269841269841269549e-01
1.200000000000000000e+02 8.000000000000000000e+01 7.243697478991596439e-01
1.200000000000000000e+02 8.500000000000000000e+01 7.183183183183182718e-01
1.200000000000000000e+02 9.000000000000000000e+01 7.231746031746031367e-01
1.200000000000000000e+02 9.500000000000000000e+01 7.239999999999999769e-01
1.250000000000000000e+02 2.500000000000000000e+01 7.056737588652481907e-01
1.250000000000000000e+02 3.000000000000000000e+01 7.009584664536741005e-01
1.250000000000000000e+02 3.500000000000000000e+01 7.117719950433705201e-01
1.250000000000000000e+02 4.000000000000000000e+01 7.097457627118644030e-01
1.250000000000000000e+02 4.500000000000000000e+01 7.149920255183412898e-01
1.250000000000000000e+02 5.000000000000000000e+01 7.156966490299823125e-01
1.250000000000000000e+02 5.500000000000000000e+01 7.206627680311891160e-01
1.250000000000000000e+02 6.000000000000000000e+01 7.207264957264957195e-01
1.250000000000000000e+02 6.500000000000000000e+01 7.143835616438356517e-01
1.250000000000000000e+02 7.000000000000000000e+01 7.170370370370370283e-01
1.250000000000000000e+02 7.500000000000000000e+01 7.253968253968253732e-01
1.250000000000000000e+02 8.000000000000000000e+01 7.254901960784313486e-01
1.250000000000000000e+02 8.500000000000000000e+01 7.186186186186186431e-01
1.250000000000000000e+02 9.000000000000000000e+01 7.238095238095237915e-01
1.250000000000000000e+02 9.500000000000000000e+01 7.206666666666666776e-01
1.300000000000000000e+02 2.500000000000000000e+01 7.045212765957447054e-01
1.300000000000000000e+02 3.000000000000000000e+01 7.026624068157614200e-01
1.300000000000000000e+02 3.500000000000000000e+01 7.117719950433705201e-01
1.300000000000000000e+02 4.000000000000000000e+01 7.117231638418078932e-01
1.300000000000000000e+02 4.500000000000000000e+01 7.161084529505582497e-01
1.300000000000000000e+02 5.000000000000000000e+01 7.118165784832451992e-01
1.300000000000000000e+02 5.500000000000000000e+01 7.187134502923976376e-01
1.300000000000000000e+02 6.000000000000000000e+01 7.192307692307692291e-01
1.300000000000000000e+02 6.500000000000000000e+01 7.168949771689497874e-01
1.300000000000000000e+02 7.000000000000000000e+01 7.158024691358024771e-01
1.300000000000000000e+02 7.500000000000000000e+01 7.243386243386243928e-01
1.300000000000000000e+02 8.000000000000000000e+01 7.238095238095237915e-01
1.300000000000000000e+02 8.500000000000000000e+01 7.183183183183182718e-01
1.300000000000000000e+02 9.000000000000000000e+01 7.250793650793651013e-01
1.300000000000000000e+02 9.500000000000000000e+01 7.243333333333333846e-01
1.350000000000000000e+02 2.500000000000000000e+01 7.030141843971631221e-01
1.350000000000000000e+02 3.000000000000000000e+01 7.036208732694355650e-01
1.350000000000000000e+02 3.500000000000000000e+01 7.118959107806691611e-01
1.350000000000000000e+02 4.000000000000000000e+01 7.088983050847457168e-01
1.350000000000000000e+02 4.500000000000000000e+01 7.177033492822966210e-01
1.350000000000000000e+02 5.000000000000000000e+01 7.142857142857143016e-01
1.350000000000000000e+02 5.500000000000000000e+01 7.173489278752436249e-01
1.350000000000000000e+02 6.000000000000000000e+01 7.200854700854700807e-01
1.350000000000000000e+02 6.500000000000000000e+01 7.171232876712329007e-01
1.350000000000000000e+02 7.000000000000000000e+01 7.167901234567901625e-01
1.350000000000000000e+02 7.500000000000000000e+01 7.267195767195767653e-01
1.350000000000000000e+02 8.000000000000000000e+01 7.268907563025209795e-01
1.350000000000000000e+02 8.500000000000000000e+01 7.198198198198197950e-01
1.350000000000000000e+02 9.000000000000000000e+01 7.231746031746031367e-01
1.350000000000000000e+02 9.500000000000000000e+01 7.236666666666666803e-01
1.400000000000000000e+02 2.500000000000000000e+01 7.039007092198581450e-01
1.400000000000000000e+02 3.000000000000000000e+01 7.025559105431310458e-01
1.400000000000000000e+02 3.500000000000000000e+01 7.126394052044610072e-01
1.400000000000000000e+02 4.000000000000000000e+01 7.101694915254237461e-01
1.400000000000000000e+02 4.500000000000000000e+01 7.159489633173843348e-01
1.400000000000000000e+02 5.000000000000000000e+01 7.123456790123456894e-01
1.400000000000000000e+02 5.500000000000000000e+01 7.189083820662768298e-01
1.400000000000000000e+02 6.000000000000000000e+01 7.160256410256410353e-01
1.400000000000000000e+02 6.500000000000000000e+01 7.200913242009132631e-01
1.400000000000000000e+02 7.000000000000000000e+01 7.143209876543209491e-01
1.400000000000000000e+02 7.500000000000000000e+01 7.222222222222222099e-01
1.400000000000000000e+02 8.000000000000000000e+01 7.229691876750700130e-01
1.400000000000000000e+02 8.500000000000000000e+01 7.216216216216215784e-01
1.400000000000000000e+02 9.000000000000000000e+01 7.234920634920635196e-01
1.400000000000000000e+02 9.500000000000000000e+01 7.256666666666666821e-01
1.450000000000000000e+02 2.500000000000000000e+01 7.048758865248226924e-01
1.450000000000000000e+02 3.000000000000000000e+01 7.015974440894569009e-01
1.450000000000000000e+02 3.500000000000000000e+01 7.116480793060718790e-01
1.450000000000000000e+02 4.000000000000000000e+01 7.104519774011299749e-01
1.450000000000000000e+02 4.500000000000000000e+01 7.161084529505582497e-01
1.450000000000000000e+02 5.000000000000000000e+01 7.137566137566138114e-01
1.450000000000000000e+02 5.500000000000000000e+01 7.214424951267056629e-01
1.450000000000000000e+02 6.000000000000000000e+01 7.188034188034188032e-01
1.450000000000000000e+02 6.500000000000000000e+01 7.180365296803652431e-01
1.450000000000000000e+02 7.000000000000000000e+01 7.175308641975308710e-01
1.450000000000000000e+02 7.500000000000000000e+01 7.251322751322751836e-01
1.450000000000000000e+02 8.000000000000000000e+01 7.235294117647058654e-01
1.450000000000000000e+02 8.500000000000000000e+01 7.231231231231231016e-01
1.450000000000000000e+02 9.000000000000000000e+01 7.228571428571428648e-01
1.450000000000000000e+02 9.500000000000000000e+01 7.279999999999999805e-01
1.500000000000000000e+02 2.500000000000000000e+01 7.032801418439715846e-01
1.500000000000000000e+02 3.000000000000000000e+01 7.020234291799787307e-01
1.500000000000000000e+02 3.500000000000000000e+01 7.128872366790582893e-01
1.500000000000000000e+02 4.000000000000000000e+01 7.105932203389830892e-01
1.500000000000000000e+02 4.500000000000000000e+01 7.186602870813396660e-01
1.500000000000000000e+02 5.000000000000000000e+01 7.135802469135802406e-01
1.500000000000000000e+02 5.500000000000000000e+01 7.196881091617933768e-01
1.500000000000000000e+02 6.000000000000000000e+01 7.196581196581196549e-01
1.500000000000000000e+02 6.500000000000000000e+01 7.159817351598173341e-01
1.500000000000000000e+02 7.000000000000000000e+01 7.155555555555555003e-01
1.500000000000000000e+02 7.500000000000000000e+01 7.264550264550264647e-01
1.500000000000000000e+02 8.000000000000000000e+01 7.246498599439775701e-01
1.500000000000000000e+02 8.500000000000000000e+01 7.225225225225224701e-01
1.500000000000000000e+02 9.000000000000000000e+01 7.231746031746031367e-01
1.500000000000000000e+02 9.500000000000000000e+01 7.203333333333333810e-01
1.550000000000000000e+02 2.500000000000000000e+01 7.051418439716311548e-01
1.550000000000000000e+02 3.000000000000000000e+01 7.020234291799787307e-01
1.550000000000000000e+02 3.500000000000000000e+01 7.133828996282527424e-01
1.550000000000000000e+02 4.000000000000000000e+01 7.107344632768362036e-01
1.550000000000000000e+02 4.500000000000000000e+01 7.148325358851674860e-01
1.550000000000000000e+02 5.000000000000000000e+01 7.134038800705467809e-01
1.550000000000000000e+02 5.500000000000000000e+01 7.200779727095516503e-01
1.550000000000000000e+02 6.000000000000000000e+01 7.188034188034188032e-01
1.550000000000000000e+02 6.500000000000000000e+01 7.178082191780822408e-01
1.550000000000000000e+02 7.000000000000000000e+01 7.148148148148147918e-01
1.550000000000000000e+02 7.500000000000000000e+01 7.253968253968253732e-01
1.550000000000000000e+02 8.000000000000000000e+01 7.240896358543417177e-01
1.550000000000000000e+02 8.500000000000000000e+01 7.189189189189189033e-01
1.550000000000000000e+02 9.000000000000000000e+01 7.219047619047619380e-01
1.550000000000000000e+02 9.500000000000000000e+01 7.246666666666666812e-01
1.600000000000000000e+02 2.500000000000000000e+01 7.051418439716311548e-01
1.600000000000000000e+02 3.000000000000000000e+01 7.020234291799787307e-01
1.600000000000000000e+02 3.500000000000000000e+01 7.121437422552664431e-01
1.600000000000000000e+02 4.000000000000000000e+01 7.127118644067796938e-01
1.600000000000000000e+02 4.500000000000000000e+01 7.149920255183412898e-01
1.600000000000000000e+02 5.000000000000000000e+01 7.119929453262786589e-01
1.600000000000000000e+02 5.500000000000000000e+01 7.181286549707602829e-01
1.600000000000000000e+02 6.000000000000000000e+01 7.181623931623931645e-01
1.600000000000000000e+02 6.500000000000000000e+01 7.180365296803652431e-01
1.600000000000000000e+02 7.000000000000000000e+01 7.170370370370370283e-01
1.600000000000000000e+02 7.500000000000000000e+01 7.224867724867725105e-01
1.600000000000000000e+02 8.000000000000000000e+01 7.299719887955181674e-01
1.600000000000000000e+02 8.500000000000000000e+01 7.207207207207206867e-01
1.600000000000000000e+02 9.000000000000000000e+01 7.212698412698412831e-01
1.600000000000000000e+02 9.500000000000000000e+01 7.223333333333333828e-01
1.650000000000000000e+02 2.500000000000000000e+01 7.048758865248226924e-01
1.650000000000000000e+02 3.000000000000000000e+01 7.046858359957401952e-01
1.650000000000000000e+02 3.500000000000000000e+01 7.132589838909541013e-01
1.650000000000000000e+02 4.000000000000000000e+01 7.087570621468926024e-01
1.650000000000000000e+02 4.500000000000000000e+01 7.169059011164273798e-01
1.650000000000000000e+02 5.000000000000000000e+01 7.135802469135802406e-01
1.650000000000000000e+02 5.500000000000000000e+01 7.202729044834308425e-01
1.650000000000000000e+02 6.000000000000000000e+01 7.209401709401709324e-01
1.650000000000000000e+02 6.500000000000000000e+01 7.162100456621004474e-01
1.650000000000000000e+02 7.000000000000000000e+01 7.145679012345679260e-01
1.650000000000000000e+02 7.500000000000000000e+01 7.243386243386243928e-01
1.650000000000000000e+02 8.000000000000000000e+01 7.271708683473389057e-01
1.650000000000000000e+02 8.500000000000000000e+01 7.198198198198197950e-01
1.650000000000000000e+02 9.000000000000000000e+01 7.228571428571428648e-01
1.650000000000000000e+02 9.500000000000000000e+01 7.249999999999999778e-01
1.700000000000000000e+02 2.500000000000000000e+01 7.039893617021276695e-01
1.700000000000000000e+02 3.000000000000000000e+01 7.054313099041533697e-01
1.700000000000000000e+02 3.500000000000000000e+01 7.111524163568773149e-01
1.700000000000000000e+02 4.000000000000000000e+01 7.098870056497175174e-01
1.700000000000000000e+02 4.500000000000000000e+01 7.159489633173843348e-01
1.700000000000000000e+02 5.000000000000000000e+01 7.126984126984127199e-01
1.700000000000000000e+02 5.500000000000000000e+01 7.167641325536062702e-01
1.700000000000000000e+02 6.000000000000000000e+01 7.183760683760683774e-01
1.700000000000000000e+02 6.500000000000000000e+01 7.157534246575342207e-01
1.700000000000000000e+02 7.000000000000000000e+01 7.170370370370370283e-01
1.700000000000000000e+02 7.500000000000000000e+01 7.216931216931217197e-01
1.700000000000000000e+02 8.000000000000000000e+01 7.254901960784313486e-01
1.700000000000000000e+02 8.500000000000000000e+01 7.180180180180180116e-01
1.700000000000000000e+02 9.000000000000000000e+01 7.234920634920635196e-01
1.700000000000000000e+02 9.500000000000000000e+01 7.219999999999999751e-01
1.750000000000000000e+02 2.500000000000000000e+01 7.034574468085106336e-01
1.750000000000000000e+02 3.000000000000000000e+01 7.037273695420660502e-01
1.750000000000000000e+02 3.500000000000000000e+01 7.136307311028500244e-01
1.750000000000000000e+02 4.000000000000000000e+01 7.104519774011299749e-01
1.750000000000000000e+02 4.500000000000000000e+01 7.140350877192982448e-01
1.750000000000000000e+02 5.000000000000000000e+01 7.114638447971781687e-01
1.750000000000000000e+02 5.500000000000000000e+01 7.194931773879141845e-01
1.750000000000000000e+02 6.000000000000000000e+01 7.192307692307692291e-01
1.750000000000000000e+02 6.500000000000000000e+01 7.171232876712329007e-01
1.750000000000000000e+02 7.000000000000000000e+01 7.175308641975308710e-01
1.750000000000000000e+02 7.500000000000000000e+01 7.259259259259259744e-01
1.750000000000000000e+02 8.000000000000000000e+01 7.254901960784313486e-01
1.750000000000000000e+02 8.500000000000000000e+01 7.201201201201201663e-01
1.750000000000000000e+02 9.000000000000000000e+01 7.250793650793651013e-01
1.750000000000000000e+02 9.500000000000000000e+01 7.239999999999999769e-01
1.800000000000000000e+02 2.500000000000000000e+01 7.030141843971631221e-01
1.800000000000000000e+02 3.000000000000000000e+01 7.017039403620872751e-01
1.800000000000000000e+02 3.500000000000000000e+01 7.120198265179678021e-01
1.800000000000000000e+02 4.000000000000000000e+01 7.097457627118644030e-01
1.800000000000000000e+02 4.500000000000000000e+01 7.165869218500797722e-01
1.800000000000000000e+02 5.000000000000000000e+01 7.144620811287477613e-01
1.800000000000000000e+02 5.500000000000000000e+01 7.198830409356725690e-01
1.800000000000000000e+02 6.000000000000000000e+01 7.209401709401709324e-01
1.800000000000000000e+02 6.500000000000000000e+01 7.134703196347031984e-01
1.800000000000000000e+02 7.000000000000000000e+01 7.150617283950617686e-01
1.800000000000000000e+02 7.500000000000000000e+01 7.269841269841269549e-01
1.800000000000000000e+02 8.000000000000000000e+01 7.254901960784313486e-01
1.800000000000000000e+02 8.500000000000000000e+01 7.213213213213213182e-01
1.800000000000000000e+02 9.000000000000000000e+01 7.199999999999999734e-01
1.800000000000000000e+02 9.500000000000000000e+01 7.206666666666666776e-01
1.850000000000000000e+02 2.500000000000000000e+01 7.040780141843971940e-01
1.850000000000000000e+02 3.000000000000000000e+01 7.025559105431310458e-01
1.850000000000000000e+02 3.500000000000000000e+01 7.133828996282527424e-01
1.850000000000000000e+02 4.000000000000000000e+01 7.105932203389830892e-01
1.850000000000000000e+02 4.500000000000000000e+01 7.167464114832535760e-01
1.850000000000000000e+02 5.000000000000000000e+01 7.130511463844797504e-01
1.850000000000000000e+02 5.500000000000000000e+01 7.185185185185185563e-01
1.850000000000000000e+02 6.000000000000000000e+01 7.215811965811965711e-01
1.850000000000000000e+02 6.500000000000000000e+01 7.132420091324200850e-01
1.850000000000000000e+02 7.000000000000000000e+01 7.172839506172840052e-01
1.850000000000000000e+02 7.500000000000000000e+01 7.246031746031745824e-01
1.850000000000000000e+02 8.000000000000000000e+01 7.240896358543417177e-01
1.850000000000000000e+02 8.500000000000000000e+01 7.183183183183182718e-01
1.850000000000000000e+02 9.000000000000000000e+01 7.234920634920635196e-01
1.850000000000000000e+02 9.500000000000000000e+01 7.226666666666666794e-01
1.900000000000000000e+02 2.500000000000000000e+01 7.041666666666667185e-01
1.900000000000000000e+02 3.000000000000000000e+01 7.014909478168264156e-01
1.900000000000000000e+02 3.500000000000000000e+01 7.137546468401486655e-01
1.900000000000000000e+02 4.000000000000000000e+01 7.121468926553672363e-01
1.900000000000000000e+02 4.500000000000000000e+01 7.148325358851674860e-01
1.900000000000000000e+02 5.000000000000000000e+01 7.118165784832451992e-01
1.900000000000000000e+02 5.500000000000000000e+01 7.173489278752436249e-01
1.900000000000000000e+02 6.000000000000000000e+01 7.198717948717948678e-01
1.900000000000000000e+02 6.500000000000000000e+01 7.155251141552511074e-01
1.900000000000000000e+02 7.000000000000000000e+01 7.162962962962963198e-01
1.900000000000000000e+02 7.500000000000000000e+01 7.230158730158730007e-01
1.900000000000000000e+02 8.000000000000000000e+01 7.246498599439775701e-01
1.900000000000000000e+02 8.500000000000000000e+01 7.213213213213213182e-01
1.900000000000000000e+02 9.000000000000000000e+01 7.225396825396825928e-01
1.900000000000000000e+02 9.500000000000000000e+01 7.209999999999999742e-01
1.950000000000000000e+02 2.500000000000000000e+01 7.042553191489361319e-01
1.950000000000000000e+02 3.000000000000000000e+01 7.024494142705005606e-01
1.950000000000000000e+02 3.500000000000000000e+01 7.126394052044610072e-01
1.950000000000000000e+02 4.000000000000000000e+01 7.105932203389830892e-01
1.950000000000000000e+02 4.500000000000000000e+01 7.143540669856459635e-01
