1.000000000000000000e+02 4.500000000000000000e+01 7.843700159489632728e-01
1.000000000000000000e+02 5.000000000000000000e+01 7.816578483245150144e-01
1.000000000000000000e+02 5.500000000000000000e+01 7.840155945419102768e-01
1.050000000000000000e+02 4.500000000000000000e+01 7.838915470494417503e-01
1.050000000000000000e+02 5.000000000000000000e+01 7.814814814814814437e-01
1.050000000000000000e+02 5.500000000000000000e+01 7.842105263157894690e-01
1.100000000000000000e+02 4.500000000000000000e+01 7.840510366826156652e-01
1.100000000000000000e+02 5.000000000000000000e+01 7.811287477954144132e-01
1.100000000000000000e+02 5.500000000000000000e+01 7.849902534113060160e-01
1.150000000000000000e+02 4.500000000000000000e+01 7.843700159489632728e-01
1.150000000000000000e+02 5.000000000000000000e+01 7.809523809523809534e-01
1.150000000000000000e+02 5.500000000000000000e+01 7.838206627680311955e-01
1.200000000000000000e+02 4.500000000000000000e+01 7.843700159489632728e-01
1.200000000000000000e+02 5.000000000000000000e+01 7.821869488536155046e-01
1.200000000000000000e+02 5.500000000000000000e+01 7.842105263157894690e-01
1.250000000000000000e+02 4.500000000000000000e+01 7.846889952153109915e-01
1.250000000000000000e+02 5.000000000000000000e+01 7.811287477954144132e-01
1.250000000000000000e+02 5.500000000000000000e+01 7.844054580896686613e-01
1.300000000000000000e+02 4.500000000000000000e+01 7.850079744816587102e-01
1.300000000000000000e+02 5.000000000000000000e+01 7.809523809523809534e-01
1.300000000000000000e+02 5.500000000000000000e+01 7.847953216374269347e-01
1.350000000000000000e+02 4.500000000000000000e+01 7.846889952153109915e-01
1.350000000000000000e+02 5.000000000000000000e+01 7.804232804232804632e-01
1.350000000000000000e+02 5.500000000000000000e+01 7.855750487329434817e-01
1.400000000000000000e+02 4.500000000000000000e+01 7.842105263157894690e-01
1.400000000000000000e+02 5.000000000000000000e+01 7.814814814814814437e-01
1.400000000000000000e+02 5.500000000000000000e+01 7.849902534113060160e-01
1.450000000000000000e+02 4.500000000000000000e+01 7.843700159489632728e-01
1.450000000000000000e+02 5.000000000000000000e+01 7.818342151675484741e-01
1.450000000000000000e+02 5.500000000000000000e+01 7.857699805068225629e-01
1.500000000000000000e+02 4.500000000000000000e+01 7.850079744816587102e-01
1.500000000000000000e+02 5.000000000000000000e+01 7.823633156966490754e-01
1.500000000000000000e+02 5.500000000000000000e+01 7.840155945419102768e-01
1.550000000000000000e+02 4.500000000000000000e+01 7.842105263157894690e-01
1.550000000000000000e+02 5.000000000000000000e+01 7.814814814814814437e-01
1.550000000000000000e+02 5.500000000000000000e+01 7.847953216374269347e-01
1.600000000000000000e+02 4.500000000000000000e+01 7.837320574162679465e-01
1.600000000000000000e+02 5.000000000000000000e+01 7.818342151675484741e-01
1.600000000000000000e+02 5.500000000000000000e+01 7.857699805068225629e-01
1.650000000000000000e+02 4.500000000000000000e+01 7.843700159489632728e-01
1.650000000000000000e+02 5.000000000000000000e+01 7.821869488536155046e-01
1.650000000000000000e+02 5.500000000000000000e+01 7.842105263157894690e-01
1.700000000000000000e+02 4.500000000000000000e+01 7.845295055821371877e-01
1.700000000000000000e+02 5.000000000000000000e+01 7.820105820105820449e-01
1.700000000000000000e+02 5.500000000000000000e+01 7.836257309941520033e-01
1.000000000000000000e+02 4.500000000000000000e+01 7.838915470494417503e-01
1.000000000000000000e+02 5.000000000000000000e+01 7.820105820105820449e-01
1.000000000000000000e+02 5.500000000000000000e+01 7.847953216374269347e-01
1.050000000000000000e+02 4.500000000000000000e+01 7.851674641148325140e-01
1.050000000000000000e+02 5.000000000000000000e+01 7.820105820105820449e-01
1.050000000000000000e+02 5.500000000000000000e+01 7.844054580896686613e-01
1.100000000000000000e+02 4.500000000000000000e+01 7.830940988835726202e-01
1.100000000000000000e+02 5.000000000000000000e+01 7.827160493827159948e-01
1.100000000000000000e+02 5.500000000000000000e+01 7.853801169590642894e-01
1.150000000000000000e+02 4.500000000000000000e+01 7.848484848484847953e-01
1.150000000000000000e+02 5.000000000000000000e+01 7.821869488536155046e-01
1.150000000000000000e+02 5.500000000000000000e+01 7.844054580896686613e-01
1.200000000000000000e+02 4.500000000000000000e+01 7.845295055821371877e-01
1.200000000000000000e+02 5.000000000000000000e+01 7.809523809523809534e-01
1.200000000000000000e+02 5.500000000000000000e+01 7.838206627680311955e-01
1.250000000000000000e+02 4.500000000000000000e+01 7.840510366826156652e-01
1.250000000000000000e+02 5.000000000000000000e+01 7.816578483245150144e-01
1.250000000000000000e+02 5.500000000000000000e+01 7.855750487329434817e-01
1.300000000000000000e+02 4.500000000000000000e+01 7.850079744816587102e-01
1.300000000000000000e+02 5.000000000000000000e+01 7.818342151675484741e-01
1.300000000000000000e+02 5.500000000000000000e+01 7.846003898635477425e-01
1.350000000000000000e+02 4.500000000000000000e+01 7.851674641148325140e-01
1.350000000000000000e+02 5.000000000000000000e+01 7.821869488536155046e-01
1.350000000000000000e+02 5.500000000000000000e+01 7.844054580896686613e-01
1.400000000000000000e+02 4.500000000000000000e+01 7.837320574162679465e-01
1.400000000000000000e+02 5.000000000000000000e+01 7.814814814814814437e-01
1.400000000000000000e+02 5.500000000000000000e+01 7.849902534113060160e-01
1.450000000000000000e+02 4.500000000000000000e+01 7.845295055821371877e-01
1.450000000000000000e+02 5.000000000000000000e+01 7.828924162257495656e-01
1.450000000000000000e+02 5.500000000000000000e+01 7.847953216374269347e-01
1.500000000000000000e+02 4.500000000000000000e+01 7.840510366826156652e-01
1.500000000000000000e+02 5.000000000000000000e+01 7.813051146384479839e-01
1.500000000000000000e+02 5.500000000000000000e+01 7.851851851851852082e-01
1.550000000000000000e+02 4.500000000000000000e+01 7.843700159489632728e-01
1.550000000000000000e+02 5.000000000000000000e+01 7.814814814814814437e-01
1.550000000000000000e+02 5.500000000000000000e+01 7.851851851851852082e-01
1.600000000000000000e+02 4.500000000000000000e+01 7.846889952153109915e-01
1.600000000000000000e+02 5.000000000000000000e+01 7.811287477954144132e-01
1.600000000000000000e+02 5.500000000000000000e+01 7.847953216374269347e-01
1.650000000000000000e+02 4.500000000000000000e+01 7.850079744816587102e-01
1.650000000000000000e+02 5.000000000000000000e+01 7.820105820105820449e-01
1.650000000000000000e+02 5.500000000000000000e+01 7.836257309941520033e-01
1.700000000000000000e+02 4.500000000000000000e+01 7.838915470494417503e-01
1.700000000000000000e+02 5.000000000000000000e+01 7.809523809523809534e-01
1.700000000000000000e+02 5.500000000000000000e+01 7.853801169590642894e-01
