5.000000000000000000e+01 2.500000000000000000e+01 6.391843971631205878e-01
5.000000000000000000e+01 3.000000000000000000e+01 6.716719914802982139e-01
5.000000000000000000e+01 3.500000000000000000e+01 6.857496902106567926e-01
5.000000000000000000e+01 4.000000000000000000e+01 7.101694915254237461e-01
5.000000000000000000e+01 4.500000000000000000e+01 6.763955342902711054e-01
5.000000000000000000e+01 5.000000000000000000e+01 6.897707231040564047e-01
5.000000000000000000e+01 5.500000000000000000e+01 6.859649122807017774e-01
5.000000000000000000e+01 6.000000000000000000e+01 6.899572649572649485e-01
5.000000000000000000e+01 6.500000000000000000e+01 6.710045662100456720e-01
5.000000000000000000e+01 7.000000000000000000e+01 6.797530864197530720e-01
5.000000000000000000e+01 7.500000000000000000e+01 6.544973544973544666e-01
5.000000000000000000e+01 8.000000000000000000e+01 7.106442577030812613e-01
5.000000000000000000e+01 8.500000000000000000e+01 6.810810810810811189e-01
5.000000000000000000e+01 9.000000000000000000e+01 6.730158730158730673e-01
5.000000000000000000e+01 9.500000000000000000e+01 6.660000000000000364e-01
5.500000000000000000e+01 2.500000000000000000e+01 6.469858156028368557e-01
5.500000000000000000e+01 3.000000000000000000e+01 6.179978700745474285e-01
5.500000000000000000e+01 3.500000000000000000e+01 6.987608426270136563e-01
5.500000000000000000e+01 4.000000000000000000e+01 6.673728813559322015e-01
5.500000000000000000e+01 4.500000000000000000e+01 6.692185007974481570e-01
5.500000000000000000e+01 5.000000000000000000e+01 6.820105820105819561e-01
5.500000000000000000e+01 5.500000000000000000e+01 6.793372319688109062e-01
5.500000000000000000e+01 6.000000000000000000e+01 6.978632478632478264e-01
5.500000000000000000e+01 6.500000000000000000e+01 6.901826484018265262e-01
5.500000000000000000e+01 7.000000000000000000e+01 6.839506172839505682e-01
5.500000000000000000e+01 7.500000000000000000e+01 6.653439153439153486e-01
5.500000000000000000e+01 8.000000000000000000e+01 7.039215686274510331e-01
5.500000000000000000e+01 8.500000000000000000e+01 6.963963963963963888e-01
5.500000000000000000e+01 9.000000000000000000e+01 6.869841269841270304e-01
5.500000000000000000e+01 9.500000000000000000e+01 6.993333333333333623e-01
6.000000000000000000e+01 2.500000000000000000e+01 6.622340425531915153e-01
6.000000000000000000e+01 3.000000000000000000e+01 6.134185303514376741e-01
6.000000000000000000e+01 3.500000000000000000e+01 6.965303593556381179e-01
6.000000000000000000e+01 4.000000000000000000e+01 6.834745762711864625e-01
6.000000000000000000e+01 4.500000000000000000e+01 6.958532695374800570e-01
6.000000000000000000e+01 5.000000000000000000e+01 6.917107583774250168e-01
6.000000000000000000e+01 5.500000000000000000e+01 7.003898635477583401e-01
6.000000000000000000e+01 6.000000000000000000e+01 6.673076923076922684e-01
6.000000000000000000e+01 6.500000000000000000e+01 6.684931506849315364e-01
6.000000000000000000e+01 7.000000000000000000e+01 6.676543209876543150e-01
6.000000000000000000e+01 7.500000000000000000e+01 6.724867724867724661e-01
6.000000000000000000e+01 8.000000000000000000e+01 7.075630252100840734e-01
6.000000000000000000e+01 8.500000000000000000e+01 6.672672672672672611e-01
6.000000000000000000e+01 9.000000000000000000e+01 6.796825396825396659e-01
6.000000000000000000e+01 9.500000000000000000e+01 6.826666666666666439e-01
6.500000000000000000e+01 2.500000000000000000e+01 6.661347517730495937e-01
6.500000000000000000e+01 3.000000000000000000e+01 6.251331203407880510e-01
6.500000000000000000e+01 3.500000000000000000e+01 6.941759603469640494e-01
6.500000000000000000e+01 4.000000000000000000e+01 6.872881355932203284e-01
6.500000000000000000e+01 4.500000000000000000e+01 6.934609250398724445e-01
6.500000000000000000e+01 5.000000000000000000e+01 6.513227513227513032e-01
6.500000000000000000e+01 5.500000000000000000e+01 6.846003898635477647e-01
6.500000000000000000e+01 6.000000000000000000e+01 6.854700854700854773e-01
6.500000000000000000e+01 6.500000000000000000e+01 7.125570776255707450e-01
6.500000000000000000e+01 7.000000000000000000e+01 6.718518518518518112e-01
6.500000000000000000e+01 7.500000000000000000e+01 6.537037037037036757e-01
6.500000000000000000e+01 8.000000000000000000e+01 6.969187675070027677e-01
6.500000000000000000e+01 8.500000000000000000e+01 6.870870870870871006e-01
6.500000000000000000e+01 9.000000000000000000e+01 6.828571428571428292e-01
6.500000000000000000e+01 9.500000000000000000e+01 6.653333333333333321e-01
7.000000000000000000e+01 2.500000000000000000e+01 6.544326241134751365e-01
7.000000000000000000e+01 3.000000000000000000e+01 6.080937167199148563e-01
7.000000000000000000e+01 3.500000000000000000e+01 7.003717472118958787e-01
7.000000000000000000e+01 4.000000000000000000e+01 7.127118644067796938e-01
7.000000000000000000e+01 4.500000000000000000e+01 6.845295055821372099e-01
7.000000000000000000e+01 5.000000000000000000e+01 6.777777777777778123e-01
7.000000000000000000e+01 5.500000000000000000e+01 6.962962962962963021e-01
7.000000000000000000e+01 6.000000000000000000e+01 6.630341880341880101e-01
7.000000000000000000e+01 6.500000000000000000e+01 6.933789954337900019e-01
7.000000000000000000e+01 7.000000000000000000e+01 6.585185185185185031e-01
7.000000000000000000e+01 7.500000000000000000e+01 6.621693121693121853e-01
7.000000000000000000e+01 8.000000000000000000e+01 7.047619047619048116e-01
7.000000000000000000e+01 8.500000000000000000e+01 6.642642642642642148e-01
7.000000000000000000e+01 9.000000000000000000e+01 6.869841269841270304e-01
7.000000000000000000e+01 9.500000000000000000e+01 7.003333333333333632e-01
7.500000000000000000e+01 2.500000000000000000e+01 6.398049645390070372e-01
7.500000000000000000e+01 3.000000000000000000e+01 6.661341853035144256e-01
7.500000000000000000e+01 3.500000000000000000e+01 6.828996282527880490e-01
7.500000000000000000e+01 4.000000000000000000e+01 6.930790960451977956e-01
7.500000000000000000e+01 4.500000000000000000e+01 7.082934609250398639e-01
7.500000000000000000e+01 5.000000000000000000e+01 6.365079365079364671e-01
7.500000000000000000e+01 5.500000000000000000e+01 6.635477582846004418e-01
7.500000000000000000e+01 6.000000000000000000e+01 6.997863247863247427e-01
7.500000000000000000e+01 6.500000000000000000e+01 6.968036529680364799e-01
7.500000000000000000e+01 7.000000000000000000e+01 6.498765432098765338e-01
7.500000000000000000e+01 7.500000000000000000e+01 6.550264550264550678e-01
7.500000000000000000e+01 8.000000000000000000e+01 7.098039215686274828e-01
7.500000000000000000e+01 8.500000000000000000e+01 7.183183183183182718e-01
7.500000000000000000e+01 9.000000000000000000e+01 6.853968253968254487e-01
7.500000000000000000e+01 9.500000000000000000e+01 6.686666666666666314e-01
8.000000000000000000e+01 2.500000000000000000e+01 6.402482269503546597e-01
8.000000000000000000e+01 3.000000000000000000e+01 6.034078807241746167e-01
8.000000000000000000e+01 3.500000000000000000e+01 6.681536555142503220e-01
8.000000000000000000e+01 4.000000000000000000e+01 6.799435028248587143e-01
8.000000000000000000e+01 4.500000000000000000e+01 7.006379585326953929e-01
8.000000000000000000e+01 5.000000000000000000e+01 6.765432098765432611e-01
8.000000000000000000e+01 5.500000000000000000e+01 6.910331384015594436e-01
8.000000000000000000e+01 6.000000000000000000e+01 6.884615384615384581e-01
8.000000000000000000e+01 6.500000000000000000e+01 7.107305936073059494e-01
8.000000000000000000e+01 7.000000000000000000e+01 6.503703703703703765e-01
8.000000000000000000e+01 7.500000000000000000e+01 6.746031746031746490e-01
8.000000000000000000e+01 8.000000000000000000e+01 7.067226890756302948e-01
8.000000000000000000e+01 8.500000000000000000e+01 6.822822822822822708e-01
8.000000000000000000e+01 9.000000000000000000e+01 6.806349206349205927e-01
8.000000000000000000e+01 9.500000000000000000e+01 6.843333333333333490e-01
8.500000000000000000e+01 2.500000000000000000e+01 6.578014184397162900e-01
8.500000000000000000e+01 3.000000000000000000e+01 6.605963791267305263e-01
8.500000000000000000e+01 3.500000000000000000e+01 6.682775712515489630e-01
8.500000000000000000e+01 4.000000000000000000e+01 6.860169491525424101e-01
8.500000000000000000e+01 4.500000000000000000e+01 6.838915470494417725e-01
8.500000000000000000e+01 5.000000000000000000e+01 6.269841269841269771e-01
8.500000000000000000e+01 5.500000000000000000e+01 6.709551656920077489e-01
8.500000000000000000e+01 6.000000000000000000e+01 6.923076923076922906e-01
8.500000000000000000e+01 6.500000000000000000e+01 7.173515981735160141e-01
8.500000000000000000e+01 7.000000000000000000e+01 6.582716049382716372e-01
8.500000000000000000e+01 7.500000000000000000e+01 6.822751322751322567e-01
8.500000000000000000e+01 8.000000000000000000e+01 6.823529411764706065e-01
8.500000000000000000e+01 8.500000000000000000e+01 7.084084084084084632e-01
8.500000000000000000e+01 9.000000000000000000e+01 6.692063492063492491e-01
8.500000000000000000e+01 9.500000000000000000e+01 6.696666666666666323e-01
5.000000000000000000e+01 2.500000000000000000e+01 6.359042553191489588e-01
5.000000000000000000e+01 3.000000000000000000e+01 6.205537806176784077e-01
5.000000000000000000e+01 3.500000000000000000e+01 7.087980173482032464e-01
5.000000000000000000e+01 4.000000000000000000e+01 6.812146892655367436e-01
5.000000000000000000e+01 4.500000000000000000e+01 6.931419457735247258e-01
5.000000000000000000e+01 5.000000000000000000e+01 6.634920634920634663e-01
5.000000000000000000e+01 5.500000000000000000e+01 6.783625730994151670e-01
5.000000000000000000e+01 6.000000000000000000e+01 6.985042735042734652e-01
5.000000000000000000e+01 6.500000000000000000e+01 7.047945205479452246e-01
5.000000000000000000e+01 7.000000000000000000e+01 6.809876543209876232e-01
5.000000000000000000e+01 7.500000000000000000e+01 6.449735449735449766e-01
5.000000000000000000e+01 8.000000000000000000e+01 6.817927170868347542e-01
5.000000000000000000e+01 8.500000000000000000e+01 6.672672672672672611e-01
5.000000000000000000e+01 9.000000000000000000e+01 6.853968253968254487e-01
5.000000000000000000e+01 9.500000000000000000e+01 6.979999999999999538e-01
5.500000000000000000e+01 2.500000000000000000e+01 6.496453900709220353e-01
5.500000000000000000e+01 3.000000000000000000e+01 6.440894568690095356e-01
5.500000000000000000e+01 3.500000000000000000e+01 6.961586121437423058e-01
5.500000000000000000e+01 4.000000000000000000e+01 6.744350282485875869e-01
5.500000000000000000e+01 4.500000000000000000e+01 7.129186602870812850e-01
5.500000000000000000e+01 5.000000000000000000e+01 6.529100529100528849e-01
5.500000000000000000e+01 5.500000000000000000e+01 6.853801169590643116e-01
5.500000000000000000e+01 6.000000000000000000e+01 6.978632478632478264e-01
5.500000000000000000e+01 6.500000000000000000e+01 6.748858447488584877e-01
5.500000000000000000e+01 7.000000000000000000e+01 6.716049382716049454e-01
5.500000000000000000e+01 7.500000000000000000e+01 6.558201058201058586e-01
5.500000000000000000e+01 8.000000000000000000e+01 6.806722689075630495e-01
5.500000000000000000e+01 8.500000000000000000e+01 6.888888888888888840e-01
5.500000000000000000e+01 9.000000000000000000e+01 6.758730158730158477e-01
5.500000000000000000e+01 9.500000000000000000e+01 6.573333333333333250e-01
6.000000000000000000e+01 2.500000000000000000e+01 6.596631205673758602e-01
6.000000000000000000e+01 3.000000000000000000e+01 6.829605963791267609e-01
6.000000000000000000e+01 3.500000000000000000e+01 6.805452292441139805e-01
6.000000000000000000e+01 4.000000000000000000e+01 6.820621468926553188e-01
6.000000000000000000e+01 4.500000000000000000e+01 6.889952153110048272e-01
6.000000000000000000e+01 5.000000000000000000e+01 6.705467372134038539e-01
6.000000000000000000e+01 5.500000000000000000e+01 6.769980506822611543e-01
6.000000000000000000e+01 6.000000000000000000e+01 6.803418803418803673e-01
6.000000000000000000e+01 6.500000000000000000e+01 7.029680365296803179e-01
6.000000000000000000e+01 7.000000000000000000e+01 6.575308641975308177e-01
6.000000000000000000e+01 7.500000000000000000e+01 6.216931216931217419e-01
6.000000000000000000e+01 8.000000000000000000e+01 7.053221288515406640e-01
6.000000000000000000e+01 8.500000000000000000e+01 6.795795795795795957e-01
6.000000000000000000e+01 9.000000000000000000e+01 6.765079365079365026e-01
6.000000000000000000e+01 9.500000000000000000e+01 6.780000000000000471e-01
6.500000000000000000e+01 2.500000000000000000e+01 6.377659574468085291e-01
6.500000000000000000e+01 3.000000000000000000e+01 6.816826411075612713e-01
6.500000000000000000e+01 3.500000000000000000e+01 6.686493184634448861e-01
6.500000000000000000e+01 4.000000000000000000e+01 7.004237288135592987e-01
6.500000000000000000e+01 4.500000000000000000e+01 6.885167464114833047e-01
6.500000000000000000e+01 5.000000000000000000e+01 6.754850088183421697e-01
6.500000000000000000e+01 5.500000000000000000e+01 6.777777777777778123e-01
6.500000000000000000e+01 6.000000000000000000e+01 6.985042735042734652e-01
6.500000000000000000e+01 6.500000000000000000e+01 6.696347031963469920e-01
6.500000000000000000e+01 7.000000000000000000e+01 6.703703703703703942e-01
6.500000000000000000e+01 7.500000000000000000e+01 6.383597883597883493e-01
6.500000000000000000e+01 8.000000000000000000e+01 7.084033613445378519e-01
6.500000000000000000e+01 8.500000000000000000e+01 6.867867867867868403e-01
6.500000000000000000e+01 9.000000000000000000e+01 6.784126984126984672e-01
6.500000000000000000e+01 9.500000000000000000e+01 6.986666666666666581e-01
7.000000000000000000e+01 2.500000000000000000e+01 6.617907801418440039e-01
7.000000000000000000e+01 3.000000000000000000e+01 6.288604898828541456e-01
7.000000000000000000e+01 3.500000000000000000e+01 6.913258983890954168e-01
7.000000000000000000e+01 4.000000000000000000e+01 6.901129943502825048e-01
7.000000000000000000e+01 4.500000000000000000e+01 6.835725677830940539e-01
7.000000000000000000e+01 5.000000000000000000e+01 6.834215167548500780e-01
7.000000000000000000e+01 5.500000000000000000e+01 6.785575048732943593e-01
7.000000000000000000e+01 6.000000000000000000e+01 6.792735042735043027e-01
7.000000000000000000e+01 6.500000000000000000e+01 6.995433789954338399e-01
7.000000000000000000e+01 7.000000000000000000e+01 6.819753086419753085e-01
7.000000000000000000e+01 7.500000000000000000e+01 6.661375661375661394e-01
7.000000000000000000e+01 8.000000000000000000e+01 6.977591036414565462e-01
7.000000000000000000e+01 8.500000000000000000e+01 6.783783783783783328e-01
7.000000000000000000e+01 9.000000000000000000e+01 6.853968253968254487e-01
7.000000000000000000e+01 9.500000000000000000e+01 6.773333333333333428e-01
7.500000000000000000e+01 2.500000000000000000e+01 6.385638297872340274e-01
7.500000000000000000e+01 3.000000000000000000e+01 6.293929712460063497e-01
7.500000000000000000e+01 3.500000000000000000e+01 6.779429987608426300e-01
7.500000000000000000e+01 4.000000000000000000e+01 6.802259887005649430e-01
7.500000000000000000e+01 4.500000000000000000e+01 6.921850079744816808e-01
7.500000000000000000e+01 5.000000000000000000e+01 6.516754850088183337e-01
7.500000000000000000e+01 5.500000000000000000e+01 7.150097465886939840e-01
7.500000000000000000e+01 6.000000000000000000e+01 6.769230769230769607e-01
7.500000000000000000e+01 6.500000000000000000e+01 6.910958904109588685e-01
7.500000000000000000e+01 7.000000000000000000e+01 6.785185185185185208e-01
7.500000000000000000e+01 7.500000000000000000e+01 6.444444444444444864e-01
7.500000000000000000e+01 8.000000000000000000e+01 6.815126050420168280e-01
7.500000000000000000e+01 8.500000000000000000e+01 6.909909909909910386e-01
7.500000000000000000e+01 9.000000000000000000e+01 6.701587301587301759e-01
7.500000000000000000e+01 9.500000000000000000e+01 6.893333333333333535e-01
8.000000000000000000e+01 2.500000000000000000e+01 6.689716312056737113e-01
8.000000000000000000e+01 3.000000000000000000e+01 5.969116080937166835e-01
8.000000000000000000e+01 3.500000000000000000e+01 6.944237918215613314e-01
8.000000000000000000e+01 4.000000000000000000e+01 6.940677966101694851e-01
8.000000000000000000e+01 4.500000000000000000e+01 6.773524720893141504e-01
8.000000000000000000e+01 5.000000000000000000e+01 6.502645502645502118e-01
8.000000000000000000e+01 5.500000000000000000e+01 6.855750487329435039e-01
8.000000000000000000e+01 6.000000000000000000e+01 6.820512820512820706e-01
8.000000000000000000e+01 6.500000000000000000e+01 6.956621004566210242e-01
8.000000000000000000e+01 7.000000000000000000e+01 6.441975308641975095e-01
8.000000000000000000e+01 7.500000000000000000e+01 6.425925925925926041e-01
8.000000000000000000e+01 8.000000000000000000e+01 7.254901960784313486e-01
8.000000000000000000e+01 8.500000000000000000e+01 6.765765765765765494e-01
8.000000000000000000e+01 9.000000000000000000e+01 6.647619047619047761e-01
8.000000000000000000e+01 9.500000000000000000e+01 6.700000000000000400e-01
8.500000000000000000e+01 2.500000000000000000e+01 6.357269503546099099e-01
8.500000000000000000e+01 3.000000000000000000e+01 6.604898828541001521e-01
8.500000000000000000e+01 3.500000000000000000e+01 6.935563816604708443e-01
8.500000000000000000e+01 4.000000000000000000e+01 6.744350282485875869e-01
8.500000000000000000e+01 4.500000000000000000e+01 6.901116427432216760e-01
8.500000000000000000e+01 5.000000000000000000e+01 6.774250440917107818e-01
8.500000000000000000e+01 5.500000000000000000e+01 6.838206627680312177e-01
8.500000000000000000e+01 6.000000000000000000e+01 6.925213675213675035e-01
8.500000000000000000e+01 6.500000000000000000e+01 7.043378995433789980e-01
8.500000000000000000e+01 7.000000000000000000e+01 6.617283950617284249e-01
8.500000000000000000e+01 7.500000000000000000e+01 6.346560846560846958e-01
8.500000000000000000e+01 8.000000000000000000e+01 6.963585434173669153e-01
8.500000000000000000e+01 8.500000000000000000e+01 6.864864864864864691e-01
8.500000000000000000e+01 9.000000000000000000e+01 6.933333333333333570e-01
8.500000000000000000e+01 9.500000000000000000e+01 6.773333333333333428e-01
9.000000000000000000e+01 2.500000000000000000e+01 6.600177304964538472e-01
9.000000000000000000e+01 3.000000000000000000e+01 6.398296059637912370e-01
9.000000000000000000e+01 3.500000000000000000e+01 6.864931846344485278e-01
9.000000000000000000e+01 4.000000000000000000e+01 7.096045197740112886e-01
9.000000000000000000e+01 4.500000000000000000e+01 6.813397129186602452e-01
9.000000000000000000e+01 5.000000000000000000e+01 6.825396825396825573e-01
9.000000000000000000e+01 5.500000000000000000e+01 6.832358674463937520e-01
9.000000000000000000e+01 6.000000000000000000e+01 6.472222222222222543e-01
9.000000000000000000e+01 6.500000000000000000e+01 6.856164383561643705e-01
9.000000000000000000e+01 7.000000000000000000e+01 6.454320987654320607e-01
9.000000000000000000e+01 7.500000000000000000e+01 6.526455026455026953e-01
9.000000000000000000e+01 8.000000000000000000e+01 6.899159663865546133e-01
9.000000000000000000e+01 8.500000000000000000e+01 6.930930930930930822e-01
9.000000000000000000e+01 9.000000000000000000e+01 6.917460317460317754e-01
9.000000000000000000e+01 9.500000000000000000e+01 6.640000000000000346e-01
9.500000000000000000e+01 2.500000000000000000e+01 6.651595744680851574e-01
9.500000000000000000e+01 3.000000000000000000e+01 6.400425985090522074e-01
9.500000000000000000e+01 3.500000000000000000e+01 6.743494423791821513e-01
9.500000000000000000e+01 4.000000000000000000e+01 6.855932203389830670e-01
9.500000000000000000e+01 4.500000000000000000e+01 6.893141945773524348e-01
9.500000000000000000e+01 5.000000000000000000e+01 6.550264550264550678e-01
9.500000000000000000e+01 5.500000000000000000e+01 6.976608187134503147e-01
9.500000000000000000e+01 6.000000000000000000e+01 6.863247863247863290e-01
9.500000000000000000e+01 6.500000000000000000e+01 7.130136986301369717e-01
9.500000000000000000e+01 7.000000000000000000e+01 7.032098765432098775e-01
9.500000000000000000e+01 7.500000000000000000e+01 6.230158730158730229e-01
9.500000000000000000e+01 8.000000000000000000e+01 7.218487394957983083e-01
9.500000000000000000e+01 8.500000000000000000e+01 6.915915915915915591e-01
9.500000000000000000e+01 9.000000000000000000e+01 6.911111111111111205e-01
9.500000000000000000e+01 9.500000000000000000e+01 6.989999999999999547e-01
1.000000000000000000e+02 2.500000000000000000e+01 6.464539007092198197e-01
1.000000000000000000e+02 3.000000000000000000e+01 6.109691160809371802e-01
1.000000000000000000e+02 3.500000000000000000e+01 7.118959107806691611e-01
1.000000000000000000e+02 4.000000000000000000e+01 6.870056497175140997e-01
1.000000000000000000e+02 4.500000000000000000e+01 6.827751196172249237e-01
1.000000000000000000e+02 5.000000000000000000e+01 6.913580246913579863e-01
1.000000000000000000e+02 5.500000000000000000e+01 7.095516569200779333e-01
1.000000000000000000e+02 6.000000000000000000e+01 6.585470085470085388e-01
1.000000000000000000e+02 6.500000000000000000e+01 7.093607305936072693e-01
1.000000000000000000e+02 7.000000000000000000e+01 6.708641975308642369e-01
1.000000000000000000e+02 7.500000000000000000e+01 6.505291005291005124e-01
1.000000000000000000e+02 8.000000000000000000e+01 6.985994397759103247e-01
1.000000000000000000e+02 8.500000000000000000e+01 6.651651651651652175e-01
1.000000000000000000e+02 9.000000000000000000e+01 6.730158730158730673e-01
1.000000000000000000e+02 9.500000000000000000e+01 6.466666666666666119e-01
1.050000000000000000e+02 2.500000000000000000e+01 6.567375886524822182e-01
1.050000000000000000e+02 3.000000000000000000e+01 6.217252396166134121e-01
1.050000000000000000e+02 3.500000000000000000e+01 6.623296158612144158e-01
1.050000000000000000e+02 4.000000000000000000e+01 6.765536723163841915e-01
1.050000000000000000e+02 4.500000000000000000e+01 6.738437001594895781e-01
1.050000000000000000e+02 5.000000000000000000e+01 6.936507936507936289e-01
1.050000000000000000e+02 5.500000000000000000e+01 6.910331384015594436e-01
1.050000000000000000e+02 6.000000000000000000e+01 6.709401709401708880e-01
1.050000000000000000e+02 6.500000000000000000e+01 7.070776255707762470e-01
1.050000000000000000e+02 7.000000000000000000e+01 6.629629629629629761e-01
1.050000000000000000e+02 7.500000000000000000e+01 6.568783068783068391e-01
1.050000000000000000e+02 8.000000000000000000e+01 6.969187675070027677e-01
1.050000000000000000e+02 8.500000000000000000e+01 6.816816816816816393e-01
1.050000000000000000e+02 9.000000000000000000e+01 6.704761904761904479e-01
1.050000000000000000e+02 9.500000000000000000e+01 7.013333333333333641e-01
1.100000000000000000e+02 2.500000000000000000e+01 6.395390070921985748e-01
1.100000000000000000e+02 3.000000000000000000e+01 6.685835995740149196e-01
1.100000000000000000e+02 3.500000000000000000e+01 6.780669144981412710e-01
1.100000000000000000e+02 4.000000000000000000e+01 6.829096045197740050e-01
1.100000000000000000e+02 4.500000000000000000e+01 6.805422647527911151e-01
1.100000000000000000e+02 5.000000000000000000e+01 6.700176366843033637e-01
1.100000000000000000e+02 5.500000000000000000e+01 6.922027290448342640e-01
1.100000000000000000e+02 6.000000000000000000e+01 6.737179487179487669e-01
1.100000000000000000e+02 6.500000000000000000e+01 6.833333333333333481e-01
1.100000000000000000e+02 7.000000000000000000e+01 6.600000000000000311e-01
1.100000000000000000e+02 7.500000000000000000e+01 6.357142857142856762e-01
1.100000000000000000e+02 8.000000000000000000e+01 6.924369747899159488e-01
1.100000000000000000e+02 8.500000000000000000e+01 6.792792792792792245e-01
1.100000000000000000e+02 9.000000000000000000e+01 6.692063492063492491e-01
1.100000000000000000e+02 9.500000000000000000e+01 6.630000000000000338e-01
1.150000000000000000e+02 2.500000000000000000e+01 6.385638297872340274e-01
1.150000000000000000e+02 3.000000000000000000e+01 6.618743343982960159e-01
1.150000000000000000e+02 3.500000000000000000e+01 7.069392812887236310e-01
1.150000000000000000e+02 4.000000000000000000e+01 6.772598870056497633e-01
1.150000000000000000e+02 4.500000000000000000e+01 7.036682615629984427e-01
1.150000000000000000e+02 5.000000000000000000e+01 6.901234567901234351e-01
1.150000000000000000e+02 5.500000000000000000e+01 6.914230019493177171e-01
1.150000000000000000e+02 6.000000000000000000e+01 6.764957264957265348e-01
1.150000000000000000e+02 6.500000000000000000e+01 6.826484018264840081e-01
1.150000000000000000e+02 7.000000000000000000e+01 6.812345679012346000e-01
1.150000000000000000e+02 7.500000000000000000e+01 6.238095238095238138e-01
1.150000000000000000e+02 8.000000000000000000e+01 7.131652661064425969e-01
1.150000000000000000e+02 8.500000000000000000e+01 6.687687687687687843e-01
1.150000000000000000e+02 9.000000000000000000e+01 6.666666666666666297e-01
1.150000000000000000e+02 9.500000000000000000e+01 6.796666666666666412e-01
1.200000000000000000e+02 2.500000000000000000e+01 6.392730496453901123e-01
1.200000000000000000e+02 3.000000000000000000e+01 5.985090521831736288e-01
1.200000000000000000e+02 3.500000000000000000e+01 7.096654275092937336e-01
1.200000000000000000e+02 4.000000000000000000e+01 6.909604519774010800e-01
1.200000000000000000e+02 4.500000000000000000e+01 6.778309409888356729e-01
1.200000000000000000e+02 5.000000000000000000e+01 6.892416225749559144e-01
1.200000000000000000e+02 5.500000000000000000e+01 6.920077972709551828e-01
1.200000000000000000e+02 6.000000000000000000e+01 7.025641025641025106e-01
1.200000000000000000e+02 6.500000000000000000e+01 7.125570776255707450e-01
1.200000000000000000e+02 7.000000000000000000e+01 6.481481481481481399e-01
1.200000000000000000e+02 7.500000000000000000e+01 6.298941798941798398e-01
1.200000000000000000e+02 8.000000000000000000e+01 6.957983193277310630e-01
1.200000000000000000e+02 8.500000000000000000e+01 6.849849849849849459e-01
1.200000000000000000e+02 9.000000000000000000e+01 6.609523809523809579e-01
1.200000000000000000e+02 9.500000000000000000e+01 6.620000000000000329e-01
1.250000000000000000e+02 2.500000000000000000e+01 6.593971631205673978e-01
1.250000000000000000e+02 3.000000000000000000e+01 6.455804046858359957e-01
1.250000000000000000e+02 3.500000000000000000e+01 7.149938042131350757e-01
1.250000000000000000e+02 4.000000000000000000e+01 6.823446327683615475e-01
1.250000000000000000e+02 4.500000000000000000e+01 7.119617224880382400e-01
1.250000000000000000e+02 5.000000000000000000e+01 6.973544973544973935e-01
1.250000000000000000e+02 5.500000000000000000e+01 6.902534113060428966e-01
1.250000000000000000e+02 6.000000000000000000e+01 6.891025641025640969e-01
1.250000000000000000e+02 6.500000000000000000e+01 6.942922374429223442e-01
1.250000000000000000e+02 7.000000000000000000e+01 6.701234567901234174e-01
1.250000000000000000e+02 7.500000000000000000e+01 6.449735449735449766e-01
1.250000000000000000e+02 8.000000000000000000e+01 6.915966386554621703e-01
1.250000000000000000e+02 8.500000000000000000e+01 7.054054054054054168e-01
1.250000000000000000e+02 9.000000000000000000e+01 6.676190476190476675e-01
1.250000000000000000e+02 9.500000000000000000e+01 6.903333333333333544e-01
1.300000000000000000e+02 2.500000000000000000e+01 6.294326241134752253e-01
1.300000000000000000e+02 3.000000000000000000e+01 6.340788072417465893e-01
1.300000000000000000e+02 3.500000000000000000e+01 6.757125154894672026e-01
1.300000000000000000e+02 4.000000000000000000e+01 6.775423728813558810e-01
1.300000000000000000e+02 4.500000000000000000e+01 6.845295055821372099e-01
1.300000000000000000e+02 5.000000000000000000e+01 6.613756613756613945e-01
1.300000000000000000e+02 5.500000000000000000e+01 6.966861598440545755e-01
1.300000000000000000e+02 6.000000000000000000e+01 6.880341880341880323e-01
1.300000000000000000e+02 6.500000000000000000e+01 6.883561643835616195e-01
1.300000000000000000e+02 7.000000000000000000e+01 6.575308641975308177e-01
1.300000000000000000e+02 7.500000000000000000e+01 6.436507936507936956e-01
1.300000000000000000e+02 8.000000000000000000e+01 7.084033613445378519e-01
1.300000000000000000e+02 8.500000000000000000e+01 6.837837837837837940e-01
1.300000000000000000e+02 9.000000000000000000e+01 6.780952380952380842e-01
1.300000000000000000e+02 9.500000000000000000e+01 6.683333333333333348e-01
1.350000000000000000e+02 2.500000000000000000e+01 6.606382978723404076e-01
1.350000000000000000e+02 3.000000000000000000e+01 6.432374866879658759e-01
1.350000000000000000e+02 3.500000000000000000e+01 6.951672862453531776e-01
1.350000000000000000e+02 4.000000000000000000e+01 6.898305084745762761e-01
1.350000000000000000e+02 4.500000000000000000e+01 6.837320574162679687e-01
1.350000000000000000e+02 5.000000000000000000e+01 6.684303350970017821e-01
1.350000000000000000e+02 5.500000000000000000e+01 6.810916179337231924e-01
1.350000000000000000e+02 6.000000000000000000e+01 6.741452991452991927e-01
1.350000000000000000e+02 6.500000000000000000e+01 6.899543378995434129e-01
1.350000000000000000e+02 7.000000000000000000e+01 6.688888888888888662e-01
1.350000000000000000e+02 7.500000000000000000e+01 6.555555555555555580e-01
1.350000000000000000e+02 8.000000000000000000e+01 6.924369747899159488e-01
1.350000000000000000e+02 8.500000000000000000e+01 6.903903903903904071e-01
1.350000000000000000e+02 9.000000000000000000e+01 6.644444444444443931e-01
1.350000000000000000e+02 9.500000000000000000e+01 6.753333333333333410e-01
1.400000000000000000e+02 2.500000000000000000e+01 6.490248226950354749e-01
1.400000000000000000e+02 3.000000000000000000e+01 6.568690095846645427e-01
1.400000000000000000e+02 3.500000000000000000e+01 6.908302354399008527e-01
1.400000000000000000e+02 4.000000000000000000e+01 6.966101694915254328e-01
1.400000000000000000e+02 4.500000000000000000e+01 6.740031897926634930e-01
1.400000000000000000e+02 5.000000000000000000e+01 6.652557319223986187e-01
1.400000000000000000e+02 5.500000000000000000e+01 6.869395711500975166e-01
1.400000000000000000e+02 6.000000000000000000e+01 6.782051282051282382e-01
1.400000000000000000e+02 6.500000000000000000e+01 6.735159817351598077e-01
1.400000000000000000e+02 7.000000000000000000e+01 6.720987654320987881e-01
1.400000000000000000e+02 7.500000000000000000e+01 6.394179894179894408e-01
1.400000000000000000e+02 8.000000000000000000e+01 6.994397759103641032e-01
1.400000000000000000e+02 8.500000000000000000e+01 6.966966966966966490e-01
1.400000000000000000e+02 9.000000000000000000e+01 6.657142857142857029e-01
1.400000000000000000e+02 9.500000000000000000e+01 6.873333333333333517e-01
1.450000000000000000e+02 2.500000000000000000e+01 6.453900709219858589e-01
1.450000000000000000e+02 3.000000000000000000e+01 6.407880724174653819e-01
1.450000000000000000e+02 3.500000000000000000e+01 6.826517967781908780e-01
1.450000000000000000e+02 4.000000000000000000e+01 6.987288135593220373e-01
1.450000000000000000e+02 4.500000000000000000e+01 6.897926634768739573e-01
1.450000000000000000e+02 5.000000000000000000e+01 6.689594356261022723e-01
1.450000000000000000e+02 5.500000000000000000e+01 6.910331384015594436e-01
1.450000000000000000e+02 6.000000000000000000e+01 6.884615384615384581e-01
1.450000000000000000e+02 6.500000000000000000e+01 6.860730593607305972e-01
1.450000000000000000e+02 7.000000000000000000e+01 7.143209876543209491e-01
1.450000000000000000e+02 7.500000000000000000e+01 6.465608465608465583e-01
1.450000000000000000e+02 8.000000000000000000e+01 6.901960784313725394e-01
1.450000000000000000e+02 8.500000000000000000e+01 6.729729729729729826e-01
1.450000000000000000e+02 9.000000000000000000e+01 6.742857142857142660e-01
1.450000000000000000e+02 9.500000000000000000e+01 6.863333333333333508e-01
1.500000000000000000e+02 2.500000000000000000e+01 6.822695035460992763e-01
1.500000000000000000e+02 3.000000000000000000e+01 6.351437699680511084e-01
1.500000000000000000e+02 3.500000000000000000e+01 6.795539033457248523e-01
1.500000000000000000e+02 4.000000000000000000e+01 6.665254237288135153e-01
1.500000000000000000e+02 4.500000000000000000e+01 6.909090909090909172e-01
1.500000000000000000e+02 5.000000000000000000e+01 6.964726631393297618e-01
1.500000000000000000e+02 5.500000000000000000e+01 6.884990253411306105e-01
1.500000000000000000e+02 6.000000000000000000e+01 6.899572649572649485e-01
1.500000000000000000e+02 6.500000000000000000e+01 7.136986301369863117e-01
1.500000000000000000e+02 7.000000000000000000e+01 6.646913580246913700e-01
1.500000000000000000e+02 7.500000000000000000e+01 6.600529100529100024e-01
1.500000000000000000e+02 8.000000000000000000e+01 7.016806722689075126e-01
1.500000000000000000e+02 8.500000000000000000e+01 6.915915915915915591e-01
1.500000000000000000e+02 9.000000000000000000e+01 6.673015873015872845e-01
1.500000000000000000e+02 9.500000000000000000e+01 6.603333333333333277e-01
1.550000000000000000e+02 2.500000000000000000e+01 6.343971631205673756e-01
1.550000000000000000e+02 3.000000000000000000e+01 6.075612353567625412e-01
1.550000000000000000e+02 3.500000000000000000e+01 6.962825278810409468e-01
1.550000000000000000e+02 4.000000000000000000e+01 6.742937853107344726e-01
1.550000000000000000e+02 4.500000000000000000e+01 6.881977671451355860e-01
1.550000000000000000e+02 5.000000000000000000e+01 6.929453262786595680e-01
1.550000000000000000e+02 5.500000000000000000e+01 7.081871345029240317e-01
1.550000000000000000e+02 6.000000000000000000e+01 7.025641025641025106e-01
1.550000000000000000e+02 6.500000000000000000e+01 7.075342465753424737e-01
1.550000000000000000e+02 7.000000000000000000e+01 7.093827160493827444e-01
1.550000000000000000e+02 7.500000000000000000e+01 6.555555555555555580e-01
1.550000000000000000e+02 8.000000000000000000e+01 7.131652661064425969e-01
1.550000000000000000e+02 8.500000000000000000e+01 6.747747747747747660e-01
1.550000000000000000e+02 9.000000000000000000e+01 6.844444444444444109e-01
1.550000000000000000e+02 9.500000000000000000e+01 7.016666666666666607e-01
1.600000000000000000e+02 2.500000000000000000e+01 6.861702127659574657e-01
1.600000000000000000e+02 3.000000000000000000e+01 6.328008519701809886e-01
1.600000000000000000e+02 3.500000000000000000e+01 6.955390334572491007e-01
1.600000000000000000e+02 4.000000000000000000e+01 6.751412429378531588e-01
1.600000000000000000e+02 4.500000000000000000e+01 6.861244019138755812e-01
1.600000000000000000e+02 5.000000000000000000e+01 6.693121693121693028e-01
1.600000000000000000e+02 5.500000000000000000e+01 7.052631578947368141e-01
1.600000000000000000e+02 6.000000000000000000e+01 6.878205128205128194e-01
1.600000000000000000e+02 6.500000000000000000e+01 7.125570776255707450e-01
1.600000000000000000e+02 7.000000000000000000e+01 6.950617283950617509e-01
1.600000000000000000e+02 7.500000000000000000e+01 6.521164021164020941e-01
1.600000000000000000e+02 8.000000000000000000e+01 7.319327731092436506e-01
1.600000000000000000e+02 8.500000000000000000e+01 6.696696696696696760e-01
1.600000000000000000e+02 9.000000000000000000e+01 6.863492063492063755e-01
1.600000000000000000e+02 9.500000000000000000e+01 6.876666666666666483e-01
1.650000000000000000e+02 2.500000000000000000e+01 6.596631205673758602e-01
1.650000000000000000e+02 3.000000000000000000e+01 6.582534611288605175e-01
1.650000000000000000e+02 3.500000000000000000e+01 6.915737298636926988e-01
1.650000000000000000e+02 4.000000000000000000e+01 7.069209039548022266e-01
1.650000000000000000e+02 4.500000000000000000e+01 6.792663476874003514e-01
1.650000000000000000e+02 5.000000000000000000e+01 6.347442680776014257e-01
1.650000000000000000e+02 5.500000000000000000e+01 6.990253411306043274e-01
1.650000000000000000e+02 6.000000000000000000e+01 6.880341880341880323e-01
1.650000000000000000e+02 6.500000000000000000e+01 6.961187214611872509e-01
1.650000000000000000e+02 7.000000000000000000e+01 6.745679012345678904e-01
1.650000000000000000e+02 7.500000000000000000e+01 6.383597883597883493e-01
1.650000000000000000e+02 8.000000000000000000e+01 6.983193277310923985e-01
1.650000000000000000e+02 8.500000000000000000e+01 6.795795795795795957e-01
1.650000000000000000e+02 9.000000000000000000e+01 6.688888888888888662e-01
1.650000000000000000e+02 9.500000000000000000e+01 6.830000000000000515e-01
1.700000000000000000e+02 2.500000000000000000e+01 6.484929078014184389e-01
1.700000000000000000e+02 3.000000000000000000e+01 6.519701810436634437e-01
1.700000000000000000e+02 3.500000000000000000e+01 7.060718711276332549e-01
1.700000000000000000e+02 4.000000000000000000e+01 6.625706214689265350e-01
1.700000000000000000e+02 4.500000000000000000e+01 6.695374800637958757e-01
1.700000000000000000e+02 5.000000000000000000e+01 6.388007054673721097e-01
1.700000000000000000e+02 5.500000000000000000e+01 6.846003898635477647e-01
1.700000000000000000e+02 6.000000000000000000e+01 7.029914529914529364e-01
1.700000000000000000e+02 6.500000000000000000e+01 6.938356164383561175e-01
1.700000000000000000e+02 7.000000000000000000e+01 7.051851851851851372e-01
1.700000000000000000e+02 7.500000000000000000e+01 6.497354497354497216e-01
1.700000000000000000e+02 8.000000000000000000e+01 7.112044817927171136e-01
1.700000000000000000e+02 8.500000000000000000e+01 6.804804804804804874e-01
1.700000000000000000e+02 9.000000000000000000e+01 6.542857142857142483e-01
1.700000000000000000e+02 9.500000000000000000e+01 6.713333333333333375e-01
1.750000000000000000e+02 2.500000000000000000e+01 6.805851063829787551e-01
1.750000000000000000e+02 3.000000000000000000e+01 6.706070287539935837e-01
1.750000000000000000e+02 3.500000000000000000e+01 6.749690210656753564e-01
1.750000000000000000e+02 4.000000000000000000e+01 6.959039548022598609e-01
1.750000000000000000e+02 4.500000000000000000e+01 6.826156299840510089e-01
1.750000000000000000e+02 5.000000000000000000e+01 6.811287477954144354e-01
1.750000000000000000e+02 5.500000000000000000e+01 6.789473684210526327e-01
1.750000000000000000e+02 6.000000000000000000e+01 7.036324786324786862e-01
1.750000000000000000e+02 6.500000000000000000e+01 7.155251141552511074e-01
1.750000000000000000e+02 7.000000000000000000e+01 6.439506172839506437e-01
1.750000000000000000e+02 7.500000000000000000e+01 6.219576719576719315e-01
1.750000000000000000e+02 8.000000000000000000e+01 6.775910364145658615e-01
1.750000000000000000e+02 8.500000000000000000e+01 6.900900900900900359e-01
1.750000000000000000e+02 9.000000000000000000e+01 6.777777777777778123e-01
1.750000000000000000e+02 9.500000000000000000e+01 6.770000000000000462e-01
1.800000000000000000e+02 2.500000000000000000e+01 6.190602836879433024e-01
1.800000000000000000e+02 3.000000000000000000e+01 6.550585729499467380e-01
1.800000000000000000e+02 3.500000000000000000e+01 6.654275092936803304e-01
1.800000000000000000e+02 4.000000000000000000e+01 6.730225988700564432e-01
1.800000000000000000e+02 4.500000000000000000e+01 6.824561403508772051e-01
1.800000000000000000e+02 5.000000000000000000e+01 6.945326278659611496e-01
1.800000000000000000e+02 5.500000000000000000e+01 6.805068226120857267e-01
1.800000000000000000e+02 6.000000000000000000e+01 6.933760683760683552e-01
1.800000000000000000e+02 6.500000000000000000e+01 7.031963470319634313e-01
1.800000000000000000e+02 7.000000000000000000e+01 7.069135802469135310e-01
1.800000000000000000e+02 7.500000000000000000e+01 6.574074074074074403e-01
1.800000000000000000e+02 8.000000000000000000e+01 7.028011204481792173e-01
1.800000000000000000e+02 8.500000000000000000e+01 6.768768768768769206e-01
1.800000000000000000e+02 9.000000000000000000e+01 6.777777777777778123e-01
1.800000000000000000e+02 9.500000000000000000e+01 6.673333333333333339e-01
1.850000000000000000e+02 2.500000000000000000e+01 6.540780141843971496e-01
1.850000000000000000e+02 3.000000000000000000e+01 6.506922257720979541e-01
1.850000000000000000e+02 3.500000000000000000e+01 6.998760842627013146e-01
1.850000000000000000e+02 4.000000000000000000e+01 6.803672316384180574e-01
1.850000000000000000e+02 4.500000000000000000e+01 6.829346092503987276e-01
1.850000000000000000e+02 5.000000000000000000e+01 6.913580246913579863e-01
1.850000000000000000e+02 5.500000000000000000e+01 6.883040935672514182e-01
1.850000000000000000e+02 6.000000000000000000e+01 6.677350427350426942e-01
1.850000000000000000e+02 6.500000000000000000e+01 7.043378995433789980e-01
1.850000000000000000e+02 7.000000000000000000e+01 6.686419753086420004e-01
1.850000000000000000e+02 7.500000000000000000e+01 6.449735449735449766e-01
1.850000000000000000e+02 8.000000000000000000e+01 6.991596638655461771e-01
1.850000000000000000e+02 8.500000000000000000e+01 7.024024024024023705e-01
1.850000000000000000e+02 9.000000000000000000e+01 6.695238095238095211e-01
1.850000000000000000e+02 9.500000000000000000e+01 6.976666666666666572e-01
1.900000000000000000e+02 2.500000000000000000e+01 6.410460992907801581e-01
1.900000000000000000e+02 3.000000000000000000e+01 6.495207667731629497e-01
1.900000000000000000e+02 3.500000000000000000e+01 7.016109045848822889e-01
1.900000000000000000e+02 4.000000000000000000e+01 6.844632768361581521e-01
1.900000000000000000e+02 4.500000000000000000e+01 6.808612440191387227e-01
1.900000000000000000e+02 5.000000000000000000e+01 6.514991181657848740e-01
1.900000000000000000e+02 5.500000000000000000e+01 6.867446393762183243e-01
1.900000000000000000e+02 6.000000000000000000e+01 6.769230769230769607e-01
1.900000000000000000e+02 6.500000000000000000e+01 7.134703196347031984e-01
1.900000000000000000e+02 7.000000000000000000e+01 6.661728395061727870e-01
1.900000000000000000e+02 7.500000000000000000e+01 6.296296296296296502e-01
1.900000000000000000e+02 8.000000000000000000e+01 6.938375350140055797e-01
1.900000000000000000e+02 8.500000000000000000e+01 6.876876876876877320e-01
1.900000000000000000e+02 9.000000000000000000e+01 6.666666666666666297e-01
1.900000000000000000e+02 9.500000000000000000e+01 6.720000000000000417e-01
1.950000000000000000e+02 2.500000000000000000e+01 6.344858156028369001e-01
1.950000000000000000e+02 3.000000000000000000e+01 6.447284345047923360e-01
1.950000000000000000e+02 3.500000000000000000e+01 6.950433705080545366e-01
1.950000000000000000e+02 4.000000000000000000e+01 7.015536723163842137e-01
1.950000000000000000e+02 4.500000000000000000e+01 6.771929824561403466e-01
