1.000000000000000000e+02 4.500000000000000000e+01 7.012759170653907193e-01
1.000000000000000000e+02 5.000000000000000000e+01 7.010582010582010470e-01
1.000000000000000000e+02 5.500000000000000000e+01 7.019493177387914340e-01
1.050000000000000000e+02 4.500000000000000000e+01 6.998405103668261518e-01
1.050000000000000000e+02 5.000000000000000000e+01 7.008818342151675873e-01
1.050000000000000000e+02 5.500000000000000000e+01 7.037037037037037202e-01
1.100000000000000000e+02 4.500000000000000000e+01 7.007974481658691968e-01
1.100000000000000000e+02 5.000000000000000000e+01 7.005291005291005568e-01
1.100000000000000000e+02 5.500000000000000000e+01 7.021442495126705152e-01
1.150000000000000000e+02 4.500000000000000000e+01 6.999999999999999556e-01
1.150000000000000000e+02 5.000000000000000000e+01 7.019400352733685677e-01
1.150000000000000000e+02 5.500000000000000000e+01 7.031189083820662544e-01
1.200000000000000000e+02 4.500000000000000000e+01 6.993620414673046293e-01
1.200000000000000000e+02 5.000000000000000000e+01 7.001763668430335263e-01
1.200000000000000000e+02 5.500000000000000000e+01 7.013645224171539683e-01
1.250000000000000000e+02 4.500000000000000000e+01 7.007974481658691968e-01
1.250000000000000000e+02 5.000000000000000000e+01 7.014109347442680775e-01
1.250000000000000000e+02 5.500000000000000000e+01 7.040935672514619936e-01
1.300000000000000000e+02 4.500000000000000000e+01 6.996810207336523479e-01
1.300000000000000000e+02 5.000000000000000000e+01 7.001763668430335263e-01
1.300000000000000000e+02 5.500000000000000000e+01 7.040935672514619936e-01
1.350000000000000000e+02 4.500000000000000000e+01 6.996810207336523479e-01
1.350000000000000000e+02 5.000000000000000000e+01 7.007054673721340166e-01
1.350000000000000000e+02 5.500000000000000000e+01 7.025341130604288997e-01
1.400000000000000000e+02 4.500000000000000000e+01 6.992025518341308254e-01
1.400000000000000000e+02 5.000000000000000000e+01 7.014109347442680775e-01
1.400000000000000000e+02 5.500000000000000000e+01 7.040935672514619936e-01
1.450000000000000000e+02 4.500000000000000000e+01 7.011164274322169154e-01
1.450000000000000000e+02 5.000000000000000000e+01 6.991181657848324349e-01
1.450000000000000000e+02 5.500000000000000000e+01 7.023391812865497075e-01
1.500000000000000000e+02 4.500000000000000000e+01 6.996810207336523479e-01
1.500000000000000000e+02 5.000000000000000000e+01 7.007054673721340166e-01
1.500000000000000000e+02 5.500000000000000000e+01 7.019493177387914340e-01
1.550000000000000000e+02 4.500000000000000000e+01 7.003189792663476743e-01
1.550000000000000000e+02 5.000000000000000000e+01 6.985890652557319447e-01
1.550000000000000000e+02 5.500000000000000000e+01 7.046783625730994594e-01
1.600000000000000000e+02 4.500000000000000000e+01 7.015948963317384379e-01
1.600000000000000000e+02 5.000000000000000000e+01 7.008818342151675873e-01
1.600000000000000000e+02 5.500000000000000000e+01 7.029239766081871732e-01
1.650000000000000000e+02 4.500000000000000000e+01 7.006379585326953929e-01
1.650000000000000000e+02 5.000000000000000000e+01 6.996472663139329251e-01
1.650000000000000000e+02 5.500000000000000000e+01 7.037037037037037202e-01
1.700000000000000000e+02 4.500000000000000000e+01 7.019138755980861566e-01
1.700000000000000000e+02 5.000000000000000000e+01 6.992945326278660056e-01
1.700000000000000000e+02 5.500000000000000000e+01 7.042884990253411859e-01
